{
 "cells": [
  {
   "cell_type": "markdown",
   "metadata": {},
   "source": [
    "Для любых видео восстановить траекторию движения (t вектор). Выполнить визуализацию. \n",
    "Определить параметры которые влияют на \"точность\" определения вектора t\n",
    "Использовать решение на базе нейронных сетей. \n",
    "Любые идеи. \n",
    "\n",
    "***slam прикрутить. \n",
    "Видео 1 но что бы работало.    \n",
    "\n",
    "Анализ задания и пути решения.\n",
    "Грузим из интернета качественное видео полета дрона. Сохраняем кусок не менее 2 мин.\n",
    "Анализируем с помощью детектора sift.\n",
    "Выводим траекторию на трехмерный график.\n",
    "Результаты сохраняем в таблице csv.\n"
   ]
  },
  {
   "cell_type": "code",
   "execution_count": 1,
   "metadata": {},
   "outputs": [],
   "source": [
    "# quit # reset all variables for repeated run of the program\n",
    "\n",
    "# loading necessary libraries and two pictures\n",
    "import cv2\n",
    "import numpy as np\n",
    "import matplotlib.pyplot as plt\n",
    "\n",
    "def filter_matches_distance(matches, dist_threshold):\n",
    "    \"\"\"\n",
    "    Filter matched features from two images by distance between the best matches\n",
    "\n",
    "    Arguments:\n",
    "    match -- list of matched features from two images\n",
    "    dist_threshold -- maximum allowed relative distance between the best matches, (0.0, 1.0) \n",
    "\n",
    "    Returns:\n",
    "    filtered_match -- list of good matches, satisfying the distance threshold\n",
    "    \"\"\"\n",
    "    filtered_match = []\n",
    "    for m, n in matches:\n",
    "        if m.distance <= dist_threshold * n.distance:\n",
    "            filtered_match.append(m)\n",
    "\n",
    "    return filtered_match"
   ]
  },
  {
   "cell_type": "markdown",
   "metadata": {},
   "source": [
    "Согласно информации из лекции, это не будет работать если:\n",
    "- Небольшое перемещение камеры (должно быть минимум несколько пикселей)\n",
    "- Не исправленное изображение\n",
    "- Мало точек или точки все сосредоточены в одной области\n",
    "\n",
    "Поэтому мы далее анализируем не соседние кадры, а через N (например, 5 или 10) кадров. Учитывая фреймрейт 30 кадров в секунду, это вполне еще ВЧ дискретизация по времени."
   ]
  },
  {
   "cell_type": "code",
   "execution_count": 2,
   "metadata": {},
   "outputs": [],
   "source": [
    "def match_features(des1, des2, matching='BF', detector='sift', sort=True, k=2):\n",
    "    \"\"\"\n",
    "    Match features from two images\n",
    "\n",
    "    Arguments:\n",
    "    des1 -- list of the keypoint descriptors in the first image\n",
    "    des2 -- list of the keypoint descriptors in the second image\n",
    "    matching -- (str) can be 'BF' for Brute Force or 'FLANN'\n",
    "    detector -- (str) can be 'sift or 'orb'. Default is 'sift'\n",
    "    sort -- (bool) whether to sort matches by distance. Default is True\n",
    "    k -- (int) number of neighbors to match to each feature.\n",
    "\n",
    "    Returns:\n",
    "    matches -- list of matched features from two images. Each match[i] is k or less matches for \n",
    "               the same query descriptor\n",
    "    \"\"\"\n",
    "    if matching == 'BF':\n",
    "        if detector == 'sift':\n",
    "            matcher = cv2.BFMatcher_create(cv2.NORM_L2, crossCheck=False)\n",
    "        elif detector == 'orb':\n",
    "            matcher = cv2.BFMatcher_create(cv2.NORM_HAMMING2, crossCheck=False)\n",
    "        matches = matcher.knnMatch(des1, des2, k=k)\n",
    "    elif matching == 'FLANN':\n",
    "        FLANN_INDEX_KDTREE = 1\n",
    "        index_params = dict(algorithm = FLANN_INDEX_KDTREE, trees=5)\n",
    "        search_params = dict(checks=50)\n",
    "        matcher = cv2.FlannBasedMatcher(index_params, search_params)\n",
    "        matches = matcher.knnMatch(des1, des2, k=k)\n",
    "    \n",
    "    if sort:\n",
    "        matches = sorted(matches, key = lambda x:x[0].distance)\n",
    "\n",
    "    return matches"
   ]
  },
  {
   "cell_type": "code",
   "execution_count": null,
   "metadata": {},
   "outputs": [],
   "source": []
  },
  {
   "cell_type": "markdown",
   "metadata": {},
   "source": [
    "Загружаем видео и считываем попарно кадр и следующий кадр. Рассчитываем позицию камеры, если номер следующего считанного кадра кратен десяти."
   ]
  },
  {
   "cell_type": "code",
   "execution_count": 3,
   "metadata": {},
   "outputs": [
    {
     "name": "stdout",
     "output_type": "stream",
     "text": [
      "Video is opened\n",
      "Current frame is 20\n",
      "Current frame is 40\n",
      "Current frame is 60\n",
      "Current frame is 80\n",
      "Current frame is 100\n",
      "Current frame is 120\n",
      "Current frame is 140\n",
      "Current frame is 160\n",
      "Current frame is 180\n",
      "Current frame is 200\n",
      "Current frame is 220\n",
      "Current frame is 240\n",
      "Current frame is 260\n",
      "Current frame is 280\n",
      "Current frame is 300\n",
      "Current frame is 320\n",
      "Current frame is 340\n",
      "Current frame is 360\n",
      "Current frame is 380\n",
      "Current frame is 400\n",
      "Current frame is 420\n",
      "Current frame is 440\n",
      "Current frame is 460\n",
      "Current frame is 480\n",
      "Current frame is 500\n",
      "Current frame is 520\n",
      "Current frame is 540\n",
      "Current frame is 560\n",
      "Current frame is 580\n",
      "Current frame is 600\n",
      "Current frame is 620\n",
      "Current frame is 640\n",
      "Current frame is 660\n",
      "Current frame is 680\n",
      "Current frame is 700\n",
      "Current frame is 720\n",
      "Current frame is 740\n",
      "Current frame is 760\n",
      "Current frame is 780\n",
      "Current frame is 800\n",
      "Current frame is 820\n",
      "Current frame is 840\n",
      "Current frame is 860\n",
      "Current frame is 880\n",
      "Current frame is 900\n",
      "Current frame is 920\n",
      "Current frame is 940\n",
      "Current frame is 960\n",
      "Current frame is 980\n",
      "Current frame is 1000\n",
      "Current frame is 1020\n",
      "Current frame is 1040\n",
      "Current frame is 1060\n",
      "Current frame is 1080\n",
      "Current frame is 1100\n",
      "Current frame is 1120\n",
      "Current frame is 1140\n",
      "Current frame is 1160\n",
      "Current frame is 1180\n",
      "Current frame is 1200\n",
      "Current frame is 1220\n",
      "Current frame is 1240\n",
      "The video is over\n"
     ]
    }
   ],
   "source": [
    "\n",
    "# video_path = 'vid.mp4'  # file name (and path if necessary)\n",
    "video_path = 'narach.mp4'  # file name (and path if necessary)\n",
    "myvid = cv2.VideoCapture(video_path) # loading into cv2\n",
    "# Check if video opened successfully\n",
    "if not myvid.isOpened():\n",
    "     print(\"Video file not found\")\n",
    "else:\n",
    "     print(\"Video is opened\") \n",
    "\n",
    "# camera matrix K\n",
    "K = np.array([[3000 ,   0.    , 960],\n",
    "       [  0.    , 3000 , 540 ],\n",
    "      [  0.    ,   0.    ,   1.]], dtype=np.float32)\n",
    "\n",
    "sift = cv2.SIFT_create()\n",
    "poses = [] # list for camera poses\n",
    "# List for camera positions\n",
    "positions = [np.array([0, 0, 0])]\n",
    "\n",
    "# Reading the first frame of the video\n",
    "ret, frame = myvid.read()\n",
    "img1 = cv2. cvtColor(frame, cv2. COLOR_BGR2GRAY)\n",
    "i = 0\n",
    "interval = 20 # interval between frames considered, e.g. interval = 5 for each 5th frame to be taken into account\n",
    "while True: # i < 1000:\n",
    "     i += 1\n",
    "     ret, frame = myvid.read() # read next frame          \n",
    "     if ret and i % interval == 0: # each 10-th frame\n",
    "         print(f'Current frame is {i}')\n",
    "         img2 = cv2. cvtColor(frame, cv2. COLOR_BGR2GRAY)\n",
    "         try:\n",
    "             keypoints1, descriptors1 = sift.detectAndCompute(img1, None)\n",
    "             keypoints2, descriptors2 = sift.detectAndCompute(img2, None)      \n",
    "             matches = match_features(descriptors1, descriptors2, matching = 'BF', detector = 'sift', sort = True)\n",
    "             matches = filter_matches_distance(matches, 0.7)\n",
    "             # matches = matcher.match(np.array(descriptors1,dtype=np.uint8), np.array(descriptors2,dtype=np.uint8))\n",
    "             pts1 = np.float32([keypoints1[m.queryIdx].pt for m in matches]).reshape(-1, 1, 2)\n",
    "             pts2 = np.float32([keypoints2[m.trainIdx].pt for m in matches]).reshape(-1, 1, 2)\n",
    "       \n",
    "             F, mask = cv2.findEssentialMat(pts1, pts2, K, method=cv2.LMEDS, prob = 0.999, threshold = 1.0) # LMEDS    \n",
    "             # F, mask = cv2.findEssentialMat(pts1, pts2, K, method=cv2.RANSAC, prob = 0.999, threshold = 1.0) #RANSAC    \n",
    "             a, R, t, b = cv2.recoverPose(F, pts1, pts2, K, mask)\n",
    "             # print(R)\n",
    "             poses.append((R, t))\n",
    "\n",
    "             # Обновить позицию камеры\n",
    "             current_position = positions[-1]\n",
    "             new_position = current_position + np.dot(R, t).T[0]\n",
    "             positions.append(new_position)\n",
    "             # Saving current frame as previous one\n",
    "             img1 = img2 \n",
    "         except:\n",
    "              pass\n",
    "     elif ret and i % interval != 0:\n",
    "          pass\n",
    "     else:\n",
    "          print('The video is over')\n",
    "          myvid.release()          # releasing video channel after viewing is over\n",
    "          # cv2.destroyAllWindows()  # close all windows\n",
    "          break                    # break the cycle\n"
   ]
  },
  {
   "cell_type": "markdown",
   "metadata": {},
   "source": [
    "Визуализируем результат\n"
   ]
  },
  {
   "cell_type": "code",
   "execution_count": 4,
   "metadata": {},
   "outputs": [
    {
     "name": "stdout",
     "output_type": "stream",
     "text": [
      "[(array([[ 0.99937659, -0.00361331,  0.03511955],\n",
      "       [ 0.00357178,  0.99999285,  0.00124536],\n",
      "       [-0.0351238 , -0.00111915,  0.99938234]]), array([[-0.99380709],\n",
      "       [-0.10458083],\n",
      "       [ 0.0375541 ]])), (array([[ 0.99848141, -0.00673321,  0.05467667],\n",
      "       [ 0.0056977 ,  0.99980186,  0.01907271],\n",
      "       [-0.05479425, -0.01873222,  0.99832194]]), array([[-0.92536584],\n",
      "       [-0.36065365],\n",
      "       [-0.11673472]])), (array([[ 9.99998485e-01, -9.57441393e-04,  1.45400083e-03],\n",
      "       [ 9.55919443e-04,  9.99998995e-01,  1.04706703e-03],\n",
      "       [-1.45500188e-03, -1.04567553e-03,  9.99998395e-01]]), array([[0.19293645],\n",
      "       [0.17235084],\n",
      "       [0.96595586]])), (array([[ 9.99999688e-01,  7.65506850e-04,  1.94260976e-04],\n",
      "       [-7.65600061e-04,  9.99999592e-01,  4.80206502e-04],\n",
      "       [-1.93893296e-04, -4.80355078e-04,  9.99999866e-01]]), array([[0.12881711],\n",
      "       [0.03187897],\n",
      "       [0.99115583]])), (array([[ 1.00000000e+00, -1.11705544e-05, -1.75252705e-05],\n",
      "       [ 1.11803788e-05,  9.99999843e-01,  5.60684064e-04],\n",
      "       [ 1.75190046e-05, -5.60684260e-04,  9.99999843e-01]]), array([[-0.12402601],\n",
      "       [-0.01646309],\n",
      "       [-0.99214239]])), (array([[ 9.99999619e-01,  6.04226912e-04, -6.30561881e-04],\n",
      "       [-6.03798233e-04,  9.99999587e-01,  6.79805886e-04],\n",
      "       [ 6.30972377e-04, -6.79424894e-04,  9.99999570e-01]]), array([[-0.1763013 ],\n",
      "       [ 0.02162587],\n",
      "       [-0.98409866]])), (array([[ 9.99999856e-01,  4.55029398e-04, -2.86086372e-04],\n",
      "       [-4.54742370e-04,  9.99999394e-01,  1.00255684e-03],\n",
      "       [ 2.86542391e-04, -1.00242660e-03,  9.99999457e-01]]), array([[ 1.87389762e-01],\n",
      "       [-1.00717422e-04],\n",
      "       [ 9.82285634e-01]])), (array([[ 9.99999922e-01,  1.43218590e-04, -3.68720164e-04],\n",
      "       [-1.43004157e-04,  9.99999821e-01,  5.81519930e-04],\n",
      "       [ 3.68803383e-04, -5.81467156e-04,  9.99999763e-01]]), array([[-0.1332206 ],\n",
      "       [ 0.02569374],\n",
      "       [-0.9907533 ]])), (array([[ 9.99998150e-01,  1.91637095e-03, -1.64261016e-04],\n",
      "       [-1.91563644e-03,  9.99988657e-01,  4.36086409e-03],\n",
      "       [ 1.72616185e-04, -4.36054136e-03,  9.99990478e-01]]), array([[-0.08745002],\n",
      "       [ 0.03353147],\n",
      "       [-0.99560441]])), (array([[ 9.99990507e-01,  4.35688980e-03,  5.42651739e-05],\n",
      "       [-4.35699742e-03,  9.99988148e-01,  2.17251987e-03],\n",
      "       [-4.47991011e-05, -2.17273568e-03,  9.99997639e-01]]), array([[-0.16662478],\n",
      "       [ 0.05402   ],\n",
      "       [-0.9845395 ]])), (array([[ 0.99995222, -0.00720369,  0.00660786],\n",
      "       [ 0.00718556,  0.99997037,  0.0027634 ],\n",
      "       [-0.00662758, -0.00271579,  0.99997435]]), array([[-0.1772376 ],\n",
      "       [-0.04278455],\n",
      "       [-0.98323767]])), (array([[ 0.99305008, -0.03007917,  0.11378393],\n",
      "       [ 0.02101519,  0.99657038,  0.08003651],\n",
      "       [-0.11580112, -0.07708908,  0.99027641]]), array([[-0.77378202],\n",
      "       [-0.5701932 ],\n",
      "       [-0.27593676]])), (array([[ 0.99995903, -0.0047056 ,  0.00773338],\n",
      "       [ 0.00468675,  0.99998601,  0.00245282],\n",
      "       [-0.00774482, -0.00241648,  0.99996709]]), array([[-0.28687128],\n",
      "       [ 0.00229375],\n",
      "       [-0.95796639]])), (array([[ 0.99999821,  0.00108763, -0.00155119],\n",
      "       [-0.00107895,  0.99998382,  0.00558619],\n",
      "       [ 0.00155724, -0.00558451,  0.99998319]]), array([[-0.16569486],\n",
      "       [ 0.10071682],\n",
      "       [-0.98102056]])), (array([[ 0.9999973 ,  0.00143764, -0.00182506],\n",
      "       [-0.00142318,  0.99996777,  0.00790099],\n",
      "       [ 0.00183636, -0.00789837,  0.99996712]]), array([[-0.12586298],\n",
      "       [ 0.08099615],\n",
      "       [-0.98873562]])), (array([[ 9.99997410e-01,  3.43447589e-04, -2.24996512e-03],\n",
      "       [-3.23179502e-04,  9.99959426e-01,  9.00235724e-03],\n",
      "       [ 2.25296566e-03, -9.00160678e-03,  9.99956947e-01]]), array([[-0.11487288],\n",
      "       [ 0.0842774 ],\n",
      "       [-0.98979874]])), (array([[ 0.99999873, -0.00107755,  0.00117385],\n",
      "       [ 0.00106846,  0.99996968,  0.00771406],\n",
      "       [-0.00118213, -0.0077128 ,  0.99996956]]), array([[-0.13632368],\n",
      "       [ 0.04915634],\n",
      "       [-0.98944404]])), (array([[ 0.99981814, -0.01556588,  0.01101779],\n",
      "       [ 0.01546731,  0.99984009,  0.00897535],\n",
      "       [-0.01115573, -0.0088033 ,  0.99989902]]), array([[-0.13801536],\n",
      "       [-0.04456193],\n",
      "       [-0.9894271 ]])), (array([[ 9.99997758e-01, -9.72065845e-04,  1.88143607e-03],\n",
      "       [ 9.67818119e-04,  9.99996984e-01,  2.25729966e-03],\n",
      "       [-1.88362464e-03, -2.25547371e-03,  9.99995682e-01]]), array([[-0.22690384],\n",
      "       [ 0.05272798],\n",
      "       [-0.97248877]])), (array([[ 9.99999693e-01,  5.54493409e-04,  5.53323783e-04],\n",
      "       [-5.54768663e-04,  9.99999722e-01,  4.97426774e-04],\n",
      "       [-5.53047809e-04, -4.97733588e-04,  9.99999723e-01]]), array([[-0.25636745],\n",
      "       [ 0.06436496],\n",
      "       [-0.96443397]])), (array([[ 9.99999295e-01,  6.64222746e-05,  1.18570647e-03],\n",
      "       [-6.69391672e-05,  9.99999903e-01,  4.35902059e-04],\n",
      "       [-1.18567740e-03, -4.35981121e-04,  9.99999202e-01]]), array([[-0.28813531],\n",
      "       [ 0.06257615],\n",
      "       [-0.95554292]])), (array([[ 0.99982504, -0.01390578,  0.0125106 ],\n",
      "       [ 0.01382846,  0.99988487,  0.00624586],\n",
      "       [-0.01259601, -0.00607177,  0.99990223]]), array([[-0.23139662],\n",
      "       [-0.07526973],\n",
      "       [-0.96994333]])), (array([[ 0.99947572, -0.02858779,  0.01519928],\n",
      "       [ 0.02842303,  0.99953603,  0.01094769],\n",
      "       [-0.0155052 , -0.01050994,  0.99982455]]), array([[-0.16108513],\n",
      "       [-0.14265229],\n",
      "       [-0.97657663]])), (array([[ 0.99982287, -0.01284143,  0.01375985],\n",
      "       [ 0.01275634,  0.99989908,  0.00625421],\n",
      "       [-0.01383877, -0.00607758,  0.99988577]]), array([[-0.28696414],\n",
      "       [-0.08674546],\n",
      "       [-0.95400566]])), (array([[ 9.99990616e-01, -1.48917911e-03,  4.06813358e-03],\n",
      "       [ 1.48569523e-03,  9.99998527e-01,  8.59270026e-04],\n",
      "       [-4.06940720e-03, -8.53217956e-04,  9.99991356e-01]]), array([[-0.30982664],\n",
      "       [ 0.03866499],\n",
      "       [-0.95000656]])), (array([[ 0.99994073, -0.00610645,  0.00901408],\n",
      "       [ 0.00608166,  0.99997766,  0.00277469],\n",
      "       [-0.00903082, -0.0027197 ,  0.99995552]]), array([[-0.28364321],\n",
      "       [-0.01553255],\n",
      "       [-0.95880408]])), (array([[ 0.99996824, -0.00406801,  0.00685342],\n",
      "       [ 0.00405886,  0.99999085,  0.00134758],\n",
      "       [-0.00685884, -0.00131972,  0.99997561]]), array([[-0.30759831],\n",
      "       [ 0.02690566],\n",
      "       [-0.95113583]])), (array([[ 9.99995476e-01, -1.80488321e-03,  2.40632924e-03],\n",
      "       [ 1.80406008e-03,  9.99998313e-01,  3.44195744e-04],\n",
      "       [-2.40694642e-03, -3.39853024e-04,  9.99997046e-01]]), array([[-0.26832616],\n",
      "       [ 0.06569301],\n",
      "       [-0.96108558]])), (array([[ 0.99990792, -0.00770669,  0.01116971],\n",
      "       [ 0.00766852,  0.99996462,  0.0034565 ],\n",
      "       [-0.01119595, -0.00337053,  0.99993164]]), array([[-0.30496641],\n",
      "       [-0.02679635],\n",
      "       [-0.95198605]])), (array([[ 0.99982411, -0.00944843,  0.01620093],\n",
      "       [ 0.00940194,  0.99995147,  0.00294338],\n",
      "       [-0.01622795, -0.00279054,  0.99986442]]), array([[-0.39565951],\n",
      "       [-0.04277202],\n",
      "       [-0.91740073]])), (array([[ 0.99999127, -0.00186675,  0.00373859],\n",
      "       [ 0.00187541,  0.99999556, -0.00231434],\n",
      "       [-0.00373425,  0.00232133,  0.99999033]]), array([[-0.32127547],\n",
      "       [ 0.08233735],\n",
      "       [-0.94339951]])), (array([[ 0.99987799, -0.00834084,  0.01320752],\n",
      "       [ 0.00831925,  0.99996397,  0.00168898],\n",
      "       [-0.01322114, -0.0015789 ,  0.99991135]]), array([[-0.33363019],\n",
      "       [-0.02317862],\n",
      "       [-0.94241904]])), (array([[ 0.99942477, -0.02723043,  0.02021465],\n",
      "       [ 0.02700904,  0.99957306,  0.01114521],\n",
      "       [-0.02050951, -0.01059282,  0.99973354]]), array([[-0.26756842],\n",
      "       [-0.16234719],\n",
      "       [-0.94976341]])), (array([[ 9.99864029e-01, -8.81904708e-03,  1.39337278e-02],\n",
      "       [ 8.80533277e-03,  9.99960686e-01,  1.04529559e-03],\n",
      "       [-1.39423985e-02, -9.22462351e-04,  9.99902375e-01]]), array([[-3.19329597e-01],\n",
      "       [-6.21167108e-04],\n",
      "       [-9.47643510e-01]])), (array([[ 0.999968  , -0.00206234,  0.00772897],\n",
      "       [ 0.00207665,  0.99999614, -0.00184341],\n",
      "       [-0.00772514,  0.00185941,  0.99996843]]), array([[-0.40599488],\n",
      "       [ 0.08469496],\n",
      "       [-0.90994226]])), (array([[ 9.99998935e-01,  3.00353787e-04,  1.42821075e-03],\n",
      "       [-2.96479845e-04,  9.99996279e-01, -2.71188255e-03],\n",
      "       [-1.42901996e-03,  2.71145623e-03,  9.99995303e-01]]), array([[-0.3720712 ],\n",
      "       [ 0.14865937],\n",
      "       [-0.91622236]])), (array([[ 0.9999815 , -0.00173748,  0.00582901],\n",
      "       [ 0.0017501 ,  0.99999613, -0.00216043],\n",
      "       [-0.00582524,  0.00217059,  0.99998068]]), array([[-0.32575278],\n",
      "       [ 0.10587725],\n",
      "       [-0.93950792]])), (array([[ 0.99988626, -0.00775006,  0.01293816],\n",
      "       [ 0.00772314,  0.99996791,  0.00212906],\n",
      "       [-0.01295424, -0.0020289 ,  0.99991403]]), array([[-0.30666157],\n",
      "       [ 0.02355745],\n",
      "       [-0.95152705]])), (array([[ 0.99987142, -0.00869627,  0.01347265],\n",
      "       [ 0.00865287,  0.9999572 ,  0.00327609],\n",
      "       [-0.01350056, -0.00315909,  0.99990387]]), array([[-0.29793944],\n",
      "       [ 0.02110015],\n",
      "       [-0.95435155]])), (array([[ 0.99982509, -0.01015901,  0.01570292],\n",
      "       [ 0.0100863 ,  0.99993808,  0.00470233],\n",
      "       [-0.01574972, -0.00454313,  0.99986564]]), array([[-0.31089789],\n",
      "       [-0.0018296 ],\n",
      "       [-0.95044156]])), (array([[ 0.99987258, -0.00843377,  0.01355367],\n",
      "       [ 0.00838669,  0.99995861,  0.00352688],\n",
      "       [-0.01358285, -0.00341276,  0.99990192]]), array([[-0.31153339],\n",
      "       [ 0.01716212],\n",
      "       [-0.95008021]])), (array([[ 0.99988218, -0.00779913,  0.01322137],\n",
      "       [ 0.00775485,  0.99996416,  0.00339712],\n",
      "       [-0.01324739, -0.00329419,  0.99990682]]), array([[-0.30567308],\n",
      "       [ 0.02105307],\n",
      "       [-0.95190374]])), (array([[ 0.99987997, -0.00787968,  0.01333973],\n",
      "       [ 0.00783811,  0.99996427,  0.0031655 ],\n",
      "       [-0.01336419, -0.00306056,  0.99990601]]), array([[-0.29937082],\n",
      "       [ 0.03129788],\n",
      "       [-0.95362338]])), (array([[ 0.99991439, -0.00589725,  0.01168066],\n",
      "       [ 0.00586593,  0.99997911,  0.00271323],\n",
      "       [-0.01169642, -0.00264448,  0.9999281 ]]), array([[-0.29074277],\n",
      "       [ 0.03994451],\n",
      "       [-0.95596709]])), (array([[ 0.99994209, -0.00434343,  0.00984682],\n",
      "       [ 0.00432501,  0.99998886,  0.0018906 ],\n",
      "       [-0.00985492, -0.0018479 ,  0.99994973]]), array([[-0.29594597],\n",
      "       [ 0.06186683],\n",
      "       [-0.95319908]])), (array([[ 9.99991485e-01, -7.91492876e-04,  4.05022928e-03],\n",
      "       [ 7.90218202e-04,  9.99999638e-01,  3.16307232e-04],\n",
      "       [-4.05047816e-03, -3.13103974e-04,  9.99991748e-01]]), array([[-0.26494152],\n",
      "       [ 0.12769025],\n",
      "       [-0.95577256]])), (array([[ 9.99998982e-01, -5.68106381e-04,  1.30894081e-03],\n",
      "       [ 5.67609936e-04,  9.99999767e-01,  3.79613003e-04],\n",
      "       [-1.30915616e-03, -3.78869649e-04,  9.99999071e-01]]), array([[-0.23783111],\n",
      "       [ 0.14197265],\n",
      "       [-0.96087467]])), (array([[ 9.99975363e-01, -2.32686010e-03,  6.62267924e-03],\n",
      "       [ 2.32098510e-03,  9.99996906e-01,  8.94651031e-04],\n",
      "       [-6.62474048e-03, -8.79257849e-04,  9.99977670e-01]]), array([[-0.26589844],\n",
      "       [ 0.10169125],\n",
      "       [-0.9586224 ]])), (array([[ 9.99965915e-01, -3.09332191e-03,  7.65505259e-03],\n",
      "       [ 3.08623105e-03,  9.99994798e-01,  9.37937803e-04],\n",
      "       [-7.65791411e-03, -9.14280573e-04,  9.99970260e-01]]), array([[-0.27111292],\n",
      "       [ 0.10662137],\n",
      "       [-0.9566241 ]])), (array([[ 9.99974191e-01, -2.93388799e-03,  6.55820564e-03],\n",
      "       [ 2.92920329e-03,  9.99995448e-01,  7.23817529e-04],\n",
      "       [-6.56029939e-03, -7.04588530e-04,  9.99978233e-01]]), array([[-0.25394253],\n",
      "       [ 0.11420899],\n",
      "       [-0.96045276]])), (array([[ 9.99972866e-01, -3.13193009e-03,  6.66777211e-03],\n",
      "       [ 3.12560154e-03,  9.99994655e-01,  9.59335139e-04],\n",
      "       [-6.67074104e-03, -9.38468309e-04,  9.99977310e-01]]), array([[-0.24902274],\n",
      "       [ 0.10363732],\n",
      "       [-0.96293664]])), (array([[ 9.99977449e-01, -2.50183541e-03,  6.23236321e-03],\n",
      "       [ 2.49633180e-03,  9.99996487e-01,  8.90690945e-04],\n",
      "       [-6.23456968e-03, -8.75112813e-04,  9.99980182e-01]]), array([[-0.23543331],\n",
      "       [ 0.10445079],\n",
      "       [-0.96626145]])), (array([[ 9.99985443e-01, -1.56921078e-03,  5.16251003e-03],\n",
      "       [ 1.56592363e-03,  9.99998569e-01,  6.40714808e-04],\n",
      "       [-5.16350806e-03, -6.32621385e-04,  9.99986469e-01]]), array([[-0.25433389],\n",
      "       [ 0.11461934],\n",
      "       [-0.96030031]])), (array([[ 9.99989455e-01, -1.54499488e-03,  4.32475250e-03],\n",
      "       [ 1.54345242e-03,  9.99998744e-01,  3.59971759e-04],\n",
      "       [-4.32530322e-03, -3.53292913e-04,  9.99990583e-01]]), array([[-0.25226903],\n",
      "       [ 0.12981856],\n",
      "       [-0.95890953]])), (array([[ 9.99991126e-01, -1.79390553e-03,  3.81176914e-03],\n",
      "       [ 1.79237485e-03,  9.99998312e-01,  4.04945530e-04],\n",
      "       [-3.81248914e-03, -3.98109818e-04,  9.99992653e-01]]), array([[-0.23076931],\n",
      "       [ 0.13106231],\n",
      "       [-0.96414117]])), (array([[ 9.99980663e-01, -2.60762798e-03,  5.64573699e-03],\n",
      "       [ 2.60398687e-03,  9.99996397e-01,  6.52185985e-04],\n",
      "       [-5.64741730e-03, -6.37471949e-04,  9.99983850e-01]]), array([[-0.24062883],\n",
      "       [ 0.11568529],\n",
      "       [-0.96369844]])), (array([[ 9.99967861e-01, -2.79687902e-03,  7.51366155e-03],\n",
      "       [ 2.79267977e-03,  9.99995938e-01,  5.69315360e-04],\n",
      "       [-7.51522334e-03, -5.48313812e-04,  9.99971610e-01]]), array([[-0.2761779 ],\n",
      "       [ 0.11879037],\n",
      "       [-0.95373719]])), (array([[ 0.99996557, -0.00323757,  0.00764061],\n",
      "       [ 0.00322943,  0.99999421,  0.00107684],\n",
      "       [-0.00764405, -0.00105213,  0.99997023]]), array([[-0.24940863],\n",
      "       [ 0.09728237],\n",
      "       [-0.9634996 ]])), (array([[ 9.99976296e-01, -2.83679610e-03,  6.27377070e-03],\n",
      "       [ 2.83152523e-03,  9.99995631e-01,  8.48866756e-04],\n",
      "       [-6.27615135e-03, -8.31082294e-04,  9.99979959e-01]]), array([[-0.23354126],\n",
      "       [ 0.10595352],\n",
      "       [-0.96655695]])), (array([[ 0.99996361, -0.00347827,  0.00779035],\n",
      "       [ 0.00346988,  0.99999339,  0.00109027],\n",
      "       [-0.00779409, -0.0010632 ,  0.99996906]]), array([[-0.2543857 ],\n",
      "       [ 0.09778906],\n",
      "       [-0.96214615]])), (array([[ 0.99994667, -0.0047524 ,  0.00916907],\n",
      "       [ 0.00473921,  0.9999877 ,  0.00145985],\n",
      "       [-0.0091759 , -0.00141632,  0.9999569 ]]), array([[-0.25019194],\n",
      "       [ 0.08840538],\n",
      "       [-0.96415169]])), (array([[ 0.99993875, -0.00509267,  0.00982621],\n",
      "       [ 0.00507784,  0.99998593,  0.0015338 ],\n",
      "       [-0.00983388, -0.00148381,  0.99995055]]), array([[-0.26311344],\n",
      "       [ 0.08019879],\n",
      "       [-0.96142575]]))]\n"
     ]
    }
   ],
   "source": [
    "print(poses)"
   ]
  },
  {
   "cell_type": "code",
   "execution_count": 5,
   "metadata": {},
   "outputs": [],
   "source": [
    "# F, mask = cv2.findEssentialMat(pts1, pts2, K, method=cv2.LMEDS, prob=0.999, threshold=1.0)\n",
    "# a, R, t, b = cv2.recoverPose(F, pts1, pts2, K, mask)"
   ]
  },
  {
   "cell_type": "code",
   "execution_count": 6,
   "metadata": {},
   "outputs": [],
   "source": [
    "# poses"
   ]
  },
  {
   "cell_type": "code",
   "execution_count": 7,
   "metadata": {},
   "outputs": [],
   "source": [
    "import matplotlib.pyplot as plt\n",
    "from mpl_toolkits.mplot3d import Axes3D\n",
    "\n",
    "def create_trajectory(poses):\n",
    "    trajectory = [np.array([0, 0, 0])]\n",
    "    current_pose = np.eye(4)\n",
    "    pose_cam = [np.array([[0, 0, 0],[0, 0, 0],[0, 0, 0]])]\n",
    "\n",
    "    for R, t in poses:\n",
    "        T = np.eye(4)\n",
    "        T[:3, :3] = R\n",
    "        T[:3, 3] = t.T\n",
    "        current_pose = np.dot(current_pose, T)\n",
    "        trajectory.append(current_pose[:3, 3])\n",
    "        pose_cam.append(current_pose[:3, :3])\n",
    "\n",
    "    return np.array(trajectory),np.array(pose_cam)"
   ]
  },
  {
   "cell_type": "code",
   "execution_count": 8,
   "metadata": {},
   "outputs": [],
   "source": [
    "trajectory, pose_cam = create_trajectory(poses)"
   ]
  },
  {
   "cell_type": "code",
   "execution_count": 9,
   "metadata": {},
   "outputs": [
    {
     "data": {
      "application/vnd.plotly.v1+json": {
       "config": {
        "plotlyServerURL": "https://plot.ly"
       },
       "data": [
        {
         "line": {
          "color": "blue",
          "width": 2
         },
         "marker": {
          "color": "blue",
          "size": 3
         },
         "mode": "lines+markers",
         "name": "Camera Trajectory",
         "type": "scatter3d",
         "x": [
          -0.9938070934711097,
          -1.9213925688501035,
          -1.6445574696598246,
          -1.4264038610382046,
          -1.6402591064309282,
          -1.9058437277084068,
          -1.6302406663581008,
          -1.8526471099701416,
          -2.0296211147455026,
          -2.284379895371332,
          -2.5489474087156236,
          -3.3387213935184916,
          -3.818022222152485,
          -4.196084682266269,
          -4.53415161171666,
          -4.859784692291965,
          -5.201818111820573,
          -5.540734556432681,
          -5.978677852403641,
          -6.445966562694291,
          -6.942464155598106,
          -7.377367910714186,
          -7.748818137847427,
          -8.250444955968781,
          -8.79912746166978,
          -9.320925233865061,
          -9.876388188165054,
          -10.408477961936999,
          -10.96085540140668,
          -11.594222980305064,
          -12.197496836544413,
          -12.797449624961217,
          -13.322893864057194,
          -13.936551660889405,
          -14.644046425388547,
          -15.342356369943916,
          -15.999191231691793,
          -16.630080396930257,
          -17.262513384915557,
          -17.90854772868766,
          -18.569135924417772,
          -19.234628476158814,
          -19.906083298030214,
          -20.581590604079082,
          -21.273500014857465,
          -21.96475181248836,
          -22.642138499418362,
          -23.331803011536845,
          -24.030702900324112,
          -24.724203095638757,
          -25.416113758606805,
          -26.102957134986006,
          -26.809628689122547,
          -27.521752779292434,
          -28.222027858171845,
          -28.92810565474313,
          -29.662766931070532,
          -30.378833531355063,
          -31.091077645127807,
          -31.819156591732902,
          -32.54669128078168,
          -33.28576989165718
         ],
         "y": [
          -0.10458083092801439,
          -0.4686824817540237,
          -0.2747881265940291,
          -0.22023386564639882,
          -0.2597321614297838,
          -0.2620176662295443,
          -0.237599309493142,
          -0.23708578657577797,
          -0.22903827141781713,
          -0.20486040168910188,
          -0.2788336917501586,
          -0.8649857005394468,
          -0.9801416925996963,
          -1.0003174585503323,
          -1.0451692514315927,
          -1.0942273749325988,
          -1.1874530259449494,
          -1.3811427429172909,
          -1.4907924641330499,
          -1.5913575512378006,
          -1.6939455062014852,
          -1.9328017092341554,
          -2.2443782875711085,
          -2.5218731681010467,
          -2.6874807904452394,
          -2.906777483533307,
          -3.0899522152914747,
          -3.2360590254529353,
          -3.47521841249079,
          -3.7383247998434883,
          -3.883197839420704,
          -4.1305559504848715,
          -4.511786780271485,
          -4.760776742224667,
          -4.936083304971871,
          -5.045642155313524,
          -5.192402539490306,
          -5.41747650916232,
          -5.649419684316818,
          -5.911093552405301,
          -6.163028036870076,
          -6.417516248330824,
          -6.668064365130234,
          -6.915799115493203,
          -7.148123907849823,
          -7.316942056345343,
          -7.469616055894677,
          -7.665610478382371,
          -7.859467580883954,
          -8.046542052701882,
          -8.245538589321734,
          -8.444594263471018,
          -8.638009012705172,
          -8.817853153037353,
          -8.99521673824959,
          -9.19004653875799,
          -9.387648875748646,
          -9.605358651390988,
          -9.815447388185884,
          -10.038073571587423,
          -10.272058353587791,
          -10.518982236987844
         ],
         "z": [
          0.03755410455477382,
          -0.046202529401595076,
          0.8949495873645519,
          1.8693380292386457,
          0.8932715260493252,
          -0.07081331742074526,
          0.8901480222951849,
          -0.08480587924788785,
          -1.0689885041369656,
          -2.0356908338690416,
          -2.997216695840711,
          -3.1780007535473596,
          -4.048063862271887,
          -4.973624078962848,
          -5.913676773170637,
          -6.857899415005495,
          -7.792951348279199,
          -8.713614118847588,
          -9.605904771130463,
          -10.484271394181746,
          -11.34622606337096,
          -12.214446333843119,
          -13.08905754152028,
          -13.908427498634355,
          -14.727891728091125,
          -15.552292143746454,
          -16.363407378497747,
          -17.197393752889898,
          -17.995943658629418,
          -18.723693985963326,
          -19.50795953842739,
          -20.26879501115567,
          -21.029433825588026,
          -21.778718889654826,
          -22.46334927699099,
          -23.170710627113323,
          -23.91032495500924,
          -24.65283459761383,
          -25.39190893704609,
          -26.108962919272365,
          -26.816177350120256,
          -27.517857771540655,
          -28.215263007650847,
          -28.90975373684541,
          -29.593337351433096,
          -30.295954875417948,
          -31.015564440551433,
          -31.712664897500137,
          -32.40111124200553,
          -33.09685589422543,
          -33.7908731943588,
          -34.48988894161561,
          -35.17048136689886,
          -35.849108927043524,
          -36.540597880347256,
          -37.22140291412924,
          -37.870422270913636,
          -38.53363496496187,
          -39.203389431216486,
          -39.85172470711506,
          -40.49666222193564,
          -41.123392947808384
         ]
        },
        {
         "line": {
          "color": "green",
          "width": 2
         },
         "mode": "lines",
         "name": "Camera Direction 0",
         "showlegend": true,
         "type": "scatter3d",
         "x": [
          0,
          0
         ],
         "y": [
          0,
          0
         ],
         "z": [
          0,
          0
         ]
        },
        {
         "line": {
          "color": "green",
          "width": 2
         },
         "mode": "lines",
         "showlegend": false,
         "type": "scatter3d",
         "x": [
          -0.9938070934711097,
          -0.976247320000471
         ],
         "y": [
          -0.10458083092801439,
          -0.10395814858646793
         ],
         "z": [
          0.03755410455477382,
          0.5372452758019367
         ]
        },
        {
         "line": {
          "color": "green",
          "width": 2
         },
         "mode": "lines",
         "showlegend": false,
         "type": "scatter3d",
         "x": [
          -1.9213925688501035,
          -1.8765754289042507
         ],
         "y": [
          -0.4686824817540237,
          -0.4584269091167082
         ],
         "z": [
          -0.046202529401595076,
          0.4516792308557523
         ]
        },
        {
         "line": {
          "color": "green",
          "width": 2
         },
         "mode": "lines",
         "showlegend": false,
         "type": "scatter3d",
         "x": [
          -1.6445574696598246,
          -1.5990221303516088
         ],
         "y": [
          -0.2747881265940291,
          -0.26400248385790354
         ],
         "z": [
          0.8949495873645519,
          1.3927549738208
         ]
        },
        {
         "line": {
          "color": "green",
          "width": 2
         },
         "mode": "lines",
         "showlegend": false,
         "type": "scatter3d",
         "x": [
          -1.4264038610382046,
          -1.3807747005180464
         ],
         "y": [
          -0.22023386564639882,
          -0.2092072061629145
         ],
         "z": [
          1.8693380292386457,
          2.367129544323888
         ]
        },
        {
         "line": {
          "color": "green",
          "width": 2
         },
         "mode": "lines",
         "showlegend": false,
         "type": "scatter3d",
         "x": [
          -1.6402591064309282,
          -1.594641854364677
         ],
         "y": [
          -0.2597321614297838,
          -0.2484253240402925
         ],
         "z": [
          0.8932715260493252,
          1.3910578474184163
         ]
        },
        {
         "line": {
          "color": "green",
          "width": 2
         },
         "mode": "lines",
         "showlegend": false,
         "type": "scatter3d",
         "x": [
          -1.9058437277084068,
          -1.8605443124114385
         ],
         "y": [
          -0.2620176662295443,
          -0.2503739847423327
         ],
         "z": [
          -0.07081331742074526,
          0.42699426353315867
         ]
        },
        {
         "line": {
          "color": "green",
          "width": 2
         },
         "mode": "lines",
         "showlegend": false,
         "type": "scatter3d",
         "x": [
          -1.6302406663581008,
          -1.585089161410506
         ],
         "y": [
          -0.237599309493142,
          -0.22545576624857344
         ],
         "z": [
          0.8901480222951849,
          1.387957098104812
         ]
        },
        {
         "line": {
          "color": "green",
          "width": 2
         },
         "mode": "lines",
         "showlegend": false,
         "type": "scatter3d",
         "x": [
          -1.8526471099701416,
          -1.807682262021686
         ],
         "y": [
          -0.23708578657577797,
          -0.2246531171312379
         ],
         "z": [
          -0.08480587924788785,
          0.41301295444510894
         ]
        },
        {
         "line": {
          "color": "green",
          "width": 2
         },
         "mode": "lines",
         "showlegend": false,
         "type": "scatter3d",
         "x": [
          -2.0296211147455026,
          -1.9847611611338158
         ],
         "y": [
          -0.22903827141781713,
          -0.21442670851150458
         ],
         "z": [
          -1.0689885041369656,
          -0.5712193942161181
         ]
        },
        {
         "line": {
          "color": "green",
          "width": 2
         },
         "mode": "lines",
         "showlegend": false,
         "type": "scatter3d",
         "x": [
          -2.284379895371332,
          -2.2395026736336057
         ],
         "y": [
          -0.20486040168910188,
          -0.18916292828410447
         ],
         "z": [
          -2.0356908338690416,
          -1.5379563420987779
         ]
