{
 "cells": [
  {
   "cell_type": "markdown",
   "metadata": {},
   "source": [
    "Для любых видео восстановить траекторию движения (t вектор). Выполнить визуализацию. \n",
    "Определить параметры которые влияют на \"точность\" определения вектора t\n",
    "Использовать решение на базе нейронных сетей. \n",
    "Любые идеи. \n",
    "\n",
    "***slam прикрутить. \n",
    "Видео 1 но что бы работало.    \n",
    "\n",
    "Анализ задания и пути решения.\n",
    "Грузим из интернета качественное видео полета дрона. Сохраняем кусок не менее 2 мин.\n",
    "Анализируем с помощью детектора sift.\n",
    "Выводим траекторию на трехмерный график.\n",
    "Результаты сохраняем в таблице csv.\n"
   ]
  },
  {
   "cell_type": "code",
   "execution_count": 41,
   "metadata": {},
   "outputs": [],
   "source": [
    "# quit # reset all variables for repeated run of the program\n",
    "\n",
    "# loading necessary libraries and two pictures\n",
    "import cv2\n",
    "import numpy as np\n",
    "import matplotlib.pyplot as plt\n",
    "\n",
    "def filter_matches_distance(matches, dist_threshold):\n",
    "    \"\"\"\n",
    "    Filter matched features from two images by distance between the best matches\n",
    "\n",
    "    Arguments:\n",
    "    match -- list of matched features from two images\n",
    "    dist_threshold -- maximum allowed relative distance between the best matches, (0.0, 1.0) \n",
    "\n",
    "    Returns:\n",
    "    filtered_match -- list of good matches, satisfying the distance threshold\n",
    "    \"\"\"\n",
    "    filtered_match = []\n",
    "    for m, n in matches:\n",
    "        if m.distance <= dist_threshold * n.distance:\n",
    "            filtered_match.append(m)\n",
    "\n",
    "    return filtered_match"
   ]
  },
  {
   "cell_type": "markdown",
   "metadata": {},
   "source": [
    "Согласно информации из лекции, это не будет работать если:\n",
    "- Небольшое перемещение камеры (должно быть минимум несколько пикселей)\n",
    "- Не исправленное изображение\n",
    "- Мало точек или точки все сосредоточены в одной области\n",
    "\n",
    "Поэтому мы далее анализируем не соседние кадры, а через N (например, 5 или 10) кадров. Учитывая фреймрейт 30 кадров в секунду, это вполне еще ВЧ дискретизация по времени."
   ]
  },
  {
   "cell_type": "code",
   "execution_count": 42,
   "metadata": {},
   "outputs": [],
   "source": [
    "def match_features(des1, des2, matching='BF', detector='sift', sort=True, k=2):\n",
    "    \"\"\"\n",
    "    Match features from two images\n",
    "\n",
    "    Arguments:\n",
    "    des1 -- list of the keypoint descriptors in the first image\n",
    "    des2 -- list of the keypoint descriptors in the second image\n",
    "    matching -- (str) can be 'BF' for Brute Force or 'FLANN'\n",
    "    detector -- (str) can be 'sift or 'orb'. Default is 'sift'\n",
    "    sort -- (bool) whether to sort matches by distance. Default is True\n",
    "    k -- (int) number of neighbors to match to each feature.\n",
    "\n",
    "    Returns:\n",
    "    matches -- list of matched features from two images. Each match[i] is k or less matches for \n",
    "               the same query descriptor\n",
    "    \"\"\"\n",
    "    if matching == 'BF':\n",
    "        if detector == 'sift':\n",
    "            matcher = cv2.BFMatcher_create(cv2.NORM_L2, crossCheck=False)\n",
    "        elif detector == 'orb':\n",
    "            matcher = cv2.BFMatcher_create(cv2.NORM_HAMMING2, crossCheck=False)\n",
    "        matches = matcher.knnMatch(des1, des2, k=k)\n",
    "    elif matching == 'FLANN':\n",
    "        FLANN_INDEX_KDTREE = 1\n",
    "        index_params = dict(algorithm = FLANN_INDEX_KDTREE, trees=5)\n",
    "        search_params = dict(checks=50)\n",
    "        matcher = cv2.FlannBasedMatcher(index_params, search_params)\n",
    "        matches = matcher.knnMatch(des1, des2, k=k)\n",
    "    \n",
    "    if sort:\n",
    "        matches = sorted(matches, key = lambda x:x[0].distance)\n",
    "\n",
    "    return matches"
   ]
  },
  {
   "cell_type": "code",
   "execution_count": null,
   "metadata": {},
   "outputs": [],
   "source": []
  },
  {
   "cell_type": "markdown",
   "metadata": {},
   "source": [
    "Загружаем видео и считываем попарно кадр и следующий кадр. Рассчитываем позицию камеры, если номер следующего считанного кадра кратен десяти."
   ]
  },
  {
   "cell_type": "code",
   "execution_count": null,
   "metadata": {},
   "outputs": [
    {
     "name": "stdout",
     "output_type": "stream",
     "text": [
      "Video is opened\n",
      "Current frame is 5\n",
      "Current frame is 10\n",
      "Current frame is 15\n",
      "Current frame is 20\n",
      "Current frame is 25\n",
      "Current frame is 30\n",
      "Current frame is 35\n",
      "Current frame is 40\n",
      "Current frame is 45\n",
      "Current frame is 50\n",
      "Current frame is 55\n",
      "Current frame is 60\n",
      "Current frame is 65\n",
      "Current frame is 70\n",
      "Current frame is 75\n",
      "Current frame is 80\n",
      "Current frame is 85\n",
      "Current frame is 90\n",
      "Current frame is 95\n",
      "Current frame is 100\n",
      "Current frame is 105\n",
      "Current frame is 110\n",
      "Current frame is 115\n",
      "Current frame is 120\n",
      "Current frame is 125\n",
      "Current frame is 130\n",
      "Current frame is 135\n",
      "Current frame is 140\n",
      "Current frame is 145\n",
      "Current frame is 150\n",
      "Current frame is 155\n",
      "Current frame is 160\n",
      "Current frame is 165\n",
      "Current frame is 170\n",
      "Current frame is 175\n",
      "Current frame is 180\n",
      "Current frame is 185\n",
      "Current frame is 190\n",
      "Current frame is 195\n",
      "Current frame is 200\n",
      "Current frame is 205\n",
      "Current frame is 210\n",
      "Current frame is 215\n",
      "Current frame is 220\n",
      "Current frame is 225\n",
      "Current frame is 230\n",
      "Current frame is 235\n",
      "Current frame is 240\n",
      "Current frame is 245\n",
      "Current frame is 250\n",
      "Current frame is 255\n",
      "Current frame is 260\n",
      "Current frame is 265\n",
      "Current frame is 270\n",
      "Current frame is 275\n",
      "Current frame is 280\n",
      "Current frame is 285\n",
      "Current frame is 290\n",
      "Current frame is 295\n",
      "Current frame is 300\n",
      "Current frame is 305\n",
      "Current frame is 310\n",
      "Current frame is 315\n",
      "Current frame is 320\n",
      "Current frame is 325\n",
      "Current frame is 330\n",
      "Current frame is 335\n",
      "Current frame is 340\n",
      "Current frame is 345\n",
      "Current frame is 350\n",
      "Current frame is 355\n",
      "Current frame is 360\n",
      "Current frame is 365\n",
      "Current frame is 370\n",
      "Current frame is 375\n",
      "Current frame is 380\n",
      "Current frame is 385\n",
      "Current frame is 390\n",
      "Current frame is 395\n",
      "Current frame is 400\n",
      "Current frame is 405\n",
      "Current frame is 410\n",
      "Current frame is 415\n",
      "Current frame is 420\n",
      "Current frame is 425\n",
      "Current frame is 430\n",
      "Current frame is 435\n",
      "Current frame is 440\n",
      "Current frame is 445\n",
      "Current frame is 450\n",
      "Current frame is 455\n",
      "Current frame is 460\n",
      "Current frame is 465\n",
      "Current frame is 470\n",
      "Current frame is 475\n",
      "Current frame is 480\n",
      "Current frame is 485\n",
      "Current frame is 490\n",
      "Current frame is 495\n",
      "Current frame is 500\n",
      "Current frame is 505\n",
      "Current frame is 510\n",
      "Current frame is 515\n",
      "Current frame is 520\n",
      "Current frame is 525\n",
      "Current frame is 530\n",
      "Current frame is 535\n",
      "Current frame is 540\n",
      "Current frame is 545\n",
      "Current frame is 550\n",
      "Current frame is 555\n",
      "Current frame is 560\n",
      "Current frame is 565\n",
      "Current frame is 570\n",
      "Current frame is 575\n",
      "Current frame is 580\n",
      "Current frame is 585\n",
      "Current frame is 590\n",
      "Current frame is 595\n",
      "Current frame is 600\n",
      "Current frame is 605\n",
      "Current frame is 610\n",
      "Current frame is 615\n",
      "Current frame is 620\n",
      "Current frame is 625\n",
      "Current frame is 630\n",
      "Current frame is 635\n",
      "Current frame is 640\n",
      "Current frame is 645\n",
      "Current frame is 650\n",
      "Current frame is 655\n",
      "Current frame is 660\n",
      "Current frame is 665\n",
      "Current frame is 670\n",
      "Current frame is 675\n",
      "Current frame is 680\n",
      "Current frame is 685\n",
      "Current frame is 690\n",
      "Current frame is 695\n",
      "Current frame is 700\n",
      "Current frame is 705\n",
      "Current frame is 710\n",
      "Current frame is 715\n",
      "Current frame is 720\n",
      "Current frame is 725\n",
      "Current frame is 730\n",
      "Current frame is 735\n",
      "Current frame is 740\n",
      "Current frame is 745\n",
      "Current frame is 750\n",
      "Current frame is 755\n",
      "Current frame is 760\n",
      "Current frame is 765\n",
      "Current frame is 770\n",
      "Current frame is 775\n",
      "Current frame is 780\n",
      "Current frame is 785\n",
      "Current frame is 790\n",
      "Current frame is 795\n",
      "Current frame is 800\n",
      "Current frame is 805\n",
      "Current frame is 810\n",
      "Current frame is 815\n",
      "Current frame is 820\n",
      "Current frame is 825\n",
      "Current frame is 830\n",
      "Current frame is 835\n",
      "Current frame is 840\n",
      "Current frame is 845\n",
      "Current frame is 850\n",
      "Current frame is 855\n",
      "Current frame is 860\n",
      "Current frame is 865\n",
      "Current frame is 870\n",
      "Current frame is 875\n",
      "Current frame is 880\n",
      "Current frame is 885\n",
      "Current frame is 890\n",
      "Current frame is 895\n",
      "Current frame is 900\n",
      "Current frame is 905\n",
      "Current frame is 910\n",
      "Current frame is 915\n",
      "Current frame is 920\n",
      "Current frame is 925\n",
      "Current frame is 930\n",
      "Current frame is 935\n",
      "Current frame is 940\n",
      "Current frame is 945\n",
      "Current frame is 950\n",
      "Current frame is 955\n",
      "Current frame is 960\n",
      "Current frame is 965\n",
      "Current frame is 970\n",
      "Current frame is 975\n",
      "Current frame is 980\n",
      "Current frame is 985\n",
      "Current frame is 990\n",
      "Current frame is 995\n",
      "Current frame is 1000\n",
      "Current frame is 1005\n",
      "Current frame is 1010\n",
      "Current frame is 1015\n",
      "Current frame is 1020\n",
      "Current frame is 1025\n",
      "Current frame is 1030\n",
      "Current frame is 1035\n",
      "Current frame is 1040\n",
      "Current frame is 1045\n",
      "Current frame is 1050\n",
      "Current frame is 1055\n",
      "Current frame is 1060\n",
      "Current frame is 1065\n",
      "Current frame is 1070\n",
      "Current frame is 1075\n",
      "Current frame is 1080\n",
      "Current frame is 1085\n",
      "Current frame is 1090\n",
      "Current frame is 1095\n",
      "Current frame is 1100\n",
      "Current frame is 1105\n",
      "Current frame is 1110\n",
      "Current frame is 1115\n",
      "Current frame is 1120\n",
      "Current frame is 1125\n",
      "Current frame is 1130\n",
      "Current frame is 1135\n",
      "Current frame is 1140\n",
      "Current frame is 1145\n",
      "Current frame is 1150\n",
      "Current frame is 1155\n",
      "Current frame is 1160\n",
      "Current frame is 1165\n",
      "Current frame is 1170\n",
      "Current frame is 1175\n",
      "Current frame is 1180\n",
      "Current frame is 1185\n",
      "Current frame is 1190\n",
      "Current frame is 1195\n",
      "Current frame is 1200\n",
      "Current frame is 1205\n",
      "Current frame is 1210\n",
      "Current frame is 1215\n",
      "Current frame is 1220\n",
      "Current frame is 1225\n",
      "Current frame is 1230\n",
      "Current frame is 1235\n",
      "Current frame is 1240\n",
      "Current frame is 1245\n",
      "Current frame is 1250\n",
      "The video is over\n"
     ]
    }
   ],
   "source": [
    "\n",
    "# video_path = 'vid.mp4'  # file name (and path if necessary)\n",
    "video_path = 'narach.mp4'  # file name (and path if necessary)\n",
    "myvid = cv2.VideoCapture(video_path) # loading into cv2\n",
    "# Check if video opened successfully\n",
    "if not myvid.isOpened():\n",
    "     print(\"Video file not found\")\n",
    "else:\n",
    "     print(\"Video is opened\") \n",
    "\n",
    "# camera matrix K\n",
    "K = np.array([[3000 ,   0.    , 960],\n",
    "       [  0.    , 3000 , 540 ],\n",
    "      [  0.    ,   0.    ,   1.]], dtype=np.float32)\n",
    "\n",
    "sift = cv2.SIFT_create()\n",
    "poses = [] # list for camera poses\n",
    "# List for camera positions\n",
    "positions = [np.array([0, 0, 0])]\n",
    "\n",
    "# Reading the first frame of the video\n",
    "ret, frame = myvid.read()\n",
    "img1 = cv2. cvtColor(frame, cv2. COLOR_BGR2GRAY)\n",
    "i = 0\n",
    "interval = 5 # interval between frames considered, e.g. interval = 5 for each 5th frame to be taken into account\n",
    "while True: # i < 1000:\n",
    "     i += 1\n",
    "     ret, frame = myvid.read() # read next frame          \n",
    "     if ret and i % interval == 0: # each 10-th frame\n",
    "         print(f'Current frame is {i}')\n",
    "         img2 = cv2. cvtColor(frame, cv2. COLOR_BGR2GRAY)\n",
    "         try:\n",
    "             keypoints1, descriptors1 = sift.detectAndCompute(img1, None)\n",
    "             keypoints2, descriptors2 = sift.detectAndCompute(img2, None)      \n",
    "             matches = match_features(descriptors1, descriptors2, matching = 'BF', detector = 'sift', sort = True)\n",
    "             matches = filter_matches_distance(matches, 0.7)\n",
    "             # matches = matcher.match(np.array(descriptors1,dtype=np.uint8), np.array(descriptors2,dtype=np.uint8))\n",
    "             pts1 = np.float32([keypoints1[m.queryIdx].pt for m in matches]).reshape(-1, 1, 2)\n",
    "             pts2 = np.float32([keypoints2[m.trainIdx].pt for m in matches]).reshape(-1, 1, 2)\n",
    "       \n",
    "             F, mask = cv2.findEssentialMat(pts1, pts2, K, method=cv2.LMEDS, prob = 0.999, threshold = 1.0) # LMEDS    \n",
    "             # F, mask = cv2.findEssentialMat(pts1, pts2, K, method=cv2.RANSAC, prob = 0.999, threshold = 1.0) #RANSAC    \n",
    "             a, R, t, b = cv2.recoverPose(F, pts1, pts2, K, mask)\n",
    "             # print(R)\n",
    "             poses.append((R, t))\n",
    "\n",
    "             # Обновить позицию камеры\n",
    "             current_position = positions[-1]\n",
    "             new_position = current_position + np.dot(R, t).T[0]\n",
    "             positions.append(new_position)\n",
    "             # Saving current frame as previous one\n",
    "             img1 = img2 \n",
    "         except:\n",
    "              pass\n",
    "     elif ret and i % interval != 0:\n",
    "          pass\n",
    "     else:\n",
    "          print('The video is over')\n",
    "          myvid.release()          # releasing video channel after viewing is over\n",
    "          # cv2.destroyAllWindows()  # close all windows\n",
    "          break                    # break the cycle\n"
   ]
  },
  {
   "cell_type": "markdown",
   "metadata": {},
   "source": [
    "Визуализируем результат\n"
   ]
  },
  {
   "cell_type": "code",
   "execution_count": 44,
   "metadata": {},
   "outputs": [
    {
     "name": "stdout",
     "output_type": "stream",
     "text": [
      "[(array([[ 9.99998955e-01, -4.56662280e-04,  1.37141661e-03],\n",
      "       [ 4.57904506e-04,  9.99999485e-01, -9.05620328e-04],\n",
      "       [-1.37100234e-03,  9.06247360e-04,  9.99998650e-01]]), array([[-0.48763349],\n",
      "       [-0.0354462 ],\n",
      "       [ 0.87232858]])), (array([[ 0.99997972, -0.00106224,  0.00627896],\n",
      "       [ 0.00107229,  0.99999815, -0.00159831],\n",
      "       [-0.00627725,  0.00160501,  0.99997901]]), array([[ 0.98119254],\n",
      "       [-0.18401272],\n",
      "       [-0.05831391]])), (array([[ 0.99995569, -0.00121749,  0.00933478],\n",
      "       [ 0.00123165,  0.9999981 , -0.00151133],\n",
      "       [-0.00933292,  0.00152276,  0.99995529]]), array([[ 0.99035845],\n",
      "       [-0.13789556],\n",
      "       [-0.01322681]])), (array([[ 0.99982472, -0.00231375,  0.01857913],\n",
      "       [ 0.0022863 ,  0.99999626,  0.00149835],\n",
      "       [-0.01858252, -0.00145561,  0.99982627]]), array([[-0.99283011],\n",
      "       [-0.09831942],\n",
      "       [-0.0679828 ]])), (array([[ 0.99990103, -0.00153645,  0.01398431],\n",
      "       [ 0.0014765 ,  0.99998968,  0.00429594],\n",
      "       [-0.01399076, -0.00427486,  0.99989299]]), array([[-0.94023809],\n",
      "       [-0.3207807 ],\n",
      "       [-0.11424568]])), (array([[ 0.99993828, -0.00137413,  0.0110245 ],\n",
      "       [ 0.00135021,  0.99999672,  0.00217681],\n",
      "       [-0.01102745, -0.00216179,  0.99993686]]), array([[-0.97184692],\n",
      "       [-0.21928455],\n",
      "       [-0.08618494]])), (array([[ 9.99989948e-01, -4.27436995e-03,  1.35383003e-03],\n",
      "       [ 4.27407697e-03,  9.99990842e-01,  2.19228571e-04],\n",
      "       [-1.35475470e-03, -2.13439994e-04,  9.99999060e-01]]), array([[-0.16444852],\n",
      "       [ 0.09640404],\n",
      "       [ 0.98166336]])), (array([[ 0.99989962, -0.00141058,  0.01409807],\n",
      "       [ 0.00134025,  0.99998661,  0.00499736],\n",
      "       [-0.01410493, -0.00497796,  0.99988813]]), array([[0.91920449],\n",
      "       [0.36073391],\n",
      "       [0.1579055 ]])), (array([[ 9.99988139e-01, -3.89567640e-04,  4.85490613e-03],\n",
      "       [ 3.84919150e-04,  9.99999467e-01,  9.58380523e-04],\n",
      "       [-4.85527689e-03, -9.56500410e-04,  9.99987756e-01]]), array([[-0.94613115],\n",
      "       [-0.22098689],\n",
      "       [-0.23664454]])), (array([[ 9.99999968e-01, -1.10138976e-04,  2.29107377e-04],\n",
      "       [ 1.10093090e-04,  9.99999974e-01,  2.00284578e-04],\n",
      "       [-2.29129430e-04, -2.00259348e-04,  9.99999954e-01]]), array([[0.15659566],\n",
      "       [0.12893804],\n",
      "       [0.97921028]])), (array([[ 9.99999981e-01,  1.60466506e-04,  1.14286867e-04],\n",
      "       [-1.60475614e-04,  9.99999984e-01,  7.96907774e-05],\n",
      "       [-1.14274077e-04, -7.97091162e-05,  9.99999990e-01]]), array([[-0.14246752],\n",
      "       [-0.11191831],\n",
      "       [-0.98345173]])), (array([[ 9.99999831e-01,  3.55587291e-04,  4.60300668e-04],\n",
      "       [-3.55614626e-04,  9.99999935e-01,  5.93054874e-05],\n",
      "       [-4.60279550e-04, -5.94691670e-05,  9.99999892e-01]]), array([[0.58096098],\n",
      "       [0.13448929],\n",
      "       [0.8027434 ]])), (array([[ 9.99999895e-01,  3.20604208e-04,  3.26717745e-04],\n",
      "       [-3.20642929e-04,  9.99999942e-01,  1.18468800e-04],\n",
      "       [-3.26679744e-04, -1.18573547e-04,  9.99999940e-01]]), array([[0.24910898],\n",
      "       [0.08343027],\n",
      "       [0.96487518]])), (array([[ 9.99999954e-01,  2.88094685e-04,  9.82585906e-05],\n",
      "       [-2.88104823e-04,  9.99999953e-01,  1.03177601e-04],\n",
      "       [-9.82288611e-05, -1.03205905e-04,  9.99999990e-01]]), array([[0.13555552],\n",
      "       [0.05056314],\n",
      "       [0.98947869]])), (array([[ 9.99999999e-01,  3.71507252e-05,  1.44796675e-05],\n",
      "       [-3.71536346e-05,  9.99999979e-01,  2.00979750e-04],\n",
      "       [-1.44722006e-05, -2.00980288e-04,  9.99999980e-01]]), array([[0.14397568],\n",
      "       [0.05859909],\n",
      "       [0.9878447 ]])), (array([[ 9.99999997e-01,  8.10487013e-05,  1.35015533e-05],\n",
      "       [-8.10512151e-05,  9.99999979e-01,  1.86287068e-04],\n",
      "       [-1.34864547e-05, -1.86288162e-04,  9.99999983e-01]]), array([[0.14916022],\n",
      "       [0.02112221],\n",
      "       [0.98858742]])), (array([[ 9.99999992e-01, -1.17314697e-04,  4.68591292e-05],\n",
      "       [ 1.17303294e-04,  9.99999964e-01,  2.43273483e-04],\n",
      "       [-4.68876671e-05, -2.43267984e-04,  9.99999969e-01]]), array([[-0.11794319],\n",
      "       [-0.0474166 ],\n",
      "       [-0.99188763]])), (array([[ 9.99999934e-01,  5.52325658e-05, -3.59432574e-04],\n",
      "       [-5.52326701e-05,  9.99999998e-01, -2.80106944e-07],\n",
      "       [ 3.59432558e-04,  2.99959346e-07,  9.99999935e-01]]), array([[-0.98576304],\n",
      "       [ 0.01083476],\n",
      "       [-0.16779105]])), (array([[ 9.99999959e-01,  2.85285686e-04,  3.03936634e-05],\n",
      "       [-2.85286682e-04,  9.99999959e-01,  3.27459760e-05],\n",
      "       [-3.03843202e-05, -3.27546455e-05,  9.99999999e-01]]), array([[ 0.3593135 ],\n",
      "       [-0.05354832],\n",
      "       [ 0.93167934]])), (array([[ 9.99999992e-01,  6.71815575e-05, -1.04625133e-04],\n",
      "       [-6.71738081e-05,  9.99999995e-01,  7.40704857e-05],\n",
      "       [ 1.04630109e-04, -7.40634570e-05,  9.99999992e-01]]), array([[ 0.15165324],\n",
      "       [-0.00888983],\n",
      "       [ 0.98839378]])), (array([[ 9.99999941e-01, -4.22611274e-05, -3.40020418e-04],\n",
      "       [ 4.22619133e-05,  9.99999999e-01,  2.30422926e-06],\n",
      "       [ 3.40020320e-04, -2.31859903e-06,  9.99999942e-01]]), array([[ 0.1324612 ],\n",
      "       [-0.01407653],\n",
      "       [ 0.99108823]])), (array([[ 9.99999955e-01,  2.92032248e-04, -6.18688916e-05],\n",
      "       [-2.92026165e-04,  9.99999953e-01,  9.83001577e-05],\n",
      "       [ 6.18975954e-05, -9.82820860e-05,  9.99999993e-01]]), array([[ 0.12614954],\n",
      "       [-0.01723536],\n",
      "       [ 0.9918615 ]])), (array([[ 9.99999939e-01,  2.13671828e-04, -2.76455812e-04],\n",
      "       [-2.13588377e-04,  9.99999932e-01,  3.01852822e-04],\n",
      "       [ 2.76520290e-04, -3.01793756e-04,  9.99999916e-01]]), array([[ 0.30702644],\n",
      "       [-0.11015165],\n",
      "       [ 0.94530491]])), (array([[ 9.99999940e-01, -2.94623709e-04, -1.79617582e-04],\n",
      "       [ 2.94672345e-04,  9.99999920e-01,  2.70804968e-04],\n",
      "       [ 1.79537782e-04, -2.70857880e-04,  9.99999947e-01]]), array([[ 0.50868976],\n",
      "       [-0.1064048 ],\n",
      "       [ 0.85434931]])), (array([[ 9.99999978e-01,  2.47674936e-07,  2.08496158e-04],\n",
      "       [-3.77454144e-07,  9.99999806e-01,  6.22453905e-04],\n",
      "       [-2.08495964e-04, -6.22453970e-04,  9.99999785e-01]]), array([[0.1666569 ],\n",
      "       [0.09022228],\n",
      "       [0.98187851]])), (array([[ 9.99999980e-01, -2.86651744e-05, -1.99051595e-04],\n",
      "       [ 2.87085247e-05,  9.99999976e-01,  2.17784680e-04],\n",
      "       [ 1.99045348e-04, -2.17790390e-04,  9.99999956e-01]]), array([[ 0.24725618],\n",
      "       [-0.03886129],\n",
      "       [ 0.96817053]])), (array([[ 9.99999885e-01, -1.50543341e-05,  4.79046065e-04],\n",
      "       [ 1.48582534e-05,  9.99999916e-01,  4.09315935e-04],\n",
      "       [-4.79052187e-04, -4.09308770e-04,  9.99999801e-01]]), array([[-0.37246877],\n",
      "       [-0.06143215],\n",
      "       [-0.92600924]])), (array([[ 9.99999962e-01, -4.08513357e-05, -2.71057326e-04],\n",
      "       [ 4.08898116e-05,  9.99999989e-01,  1.41943293e-04],\n",
      "       [ 2.71051525e-04, -1.41954371e-04,  9.99999953e-01]]), array([[ 0.15453231],\n",
      "       [-0.04627995],\n",
      "       [ 0.9869032 ]])), (array([[ 9.99999995e-01, -2.11296144e-05,  9.94506343e-05],\n",
      "       [ 2.11141994e-05,  9.99999988e-01,  1.55000335e-04],\n",
      "       [-9.94539081e-05, -1.54998235e-04,  9.99999983e-01]]), array([[0.30953269],\n",
      "       [0.06744694],\n",
      "       [0.94849376]])), (array([[ 9.99999986e-01,  4.42103844e-05, -1.61169447e-04],\n",
      "       [-4.42039477e-05,  9.99999998e-01,  3.99413276e-05],\n",
      "       [ 1.61171212e-04, -3.99342027e-05,  9.99999986e-01]]), array([[0.29726609],\n",
      "       [0.00733413],\n",
      "       [0.95476651]])), (array([[ 9.99999983e-01,  1.22409793e-04,  1.38962613e-04],\n",
      "       [-1.22428365e-04,  9.99999984e-01,  1.33648894e-04],\n",
      "       [-1.38946251e-04, -1.33665905e-04,  9.99999981e-01]]), array([[-0.2177692 ],\n",
      "       [-0.0133176 ],\n",
      "       [-0.97590943]])), (array([[ 9.99999983e-01,  1.57895544e-04, -9.59987928e-05],\n",
      "       [-1.57859151e-04,  9.99999916e-01,  3.78987463e-04],\n",
      "       [ 9.60586251e-05, -3.78972302e-04,  9.99999924e-01]]), array([[ 0.07131827],\n",
      "       [-0.08429805],\n",
      "       [ 0.99388508]])), (array([[ 9.99999996e-01,  5.63524205e-05,  6.49780847e-05],\n",
      "       [-5.64054057e-05,  9.99999666e-01,  8.15717471e-04],\n",
      "       [-6.49320954e-05, -8.15721133e-04,  9.99999665e-01]]), array([[-0.08114824],\n",
      "       [ 0.01875929],\n",
      "       [-0.99652549]])), (array([[ 9.99999800e-01,  6.27737082e-04, -7.55600340e-05],\n",
      "       [-6.27644451e-04,  9.99999059e-01,  1.21976755e-03],\n",
      "       [ 7.63256562e-05, -1.21971988e-03,  9.99999253e-01]]), array([[-0.09536644],\n",
      "       [ 0.05074991],\n",
      "       [-0.99414772]])), (array([[ 9.99999994e-01,  1.09564704e-04, -1.91498395e-05],\n",
      "       [-1.09540815e-04,  9.99999221e-01,  1.24306924e-03],\n",
      "       [ 1.92860211e-05, -1.24306714e-03,  9.99999227e-01]]), array([[-0.10362771],\n",
      "       [ 0.03045858],\n",
      "       [-0.99414967]])), (array([[ 9.99999167e-01,  1.28990138e-03,  3.62408805e-05],\n",
      "       [-1.28994011e-03,  9.99998574e-01,  1.08960166e-03],\n",
      "       [-3.48353502e-05, -1.08964751e-03,  9.99999406e-01]]), array([[-0.14359743],\n",
      "       [ 0.03721703],\n",
      "       [-0.98893613]])), (array([[ 9.99998771e-01,  1.55644765e-03, -1.88793280e-04],\n",
      "       [-1.55621368e-03,  9.99998029e-01,  1.23316751e-03],\n",
      "       [ 1.90712268e-04, -1.23287219e-03,  9.99999222e-01]]), array([[ 0.10217565],\n",
      "       [-0.05674934],\n",
      "       [ 0.99314634]])), (array([[ 9.99999637e-01,  8.51745532e-04, -3.32732146e-05],\n",
      "       [-8.51712668e-04,  9.99999161e-01,  9.75523383e-04],\n",
      "       [ 3.41040844e-05, -9.75494689e-04,  9.99999524e-01]]), array([[ 0.12748595],\n",
      "       [-0.02455215],\n",
      "       [ 0.99153645]])), (array([[ 9.99999661e-01,  8.23381518e-04,  2.60358755e-05],\n",
      "       [-8.23383722e-04,  9.99999657e-01,  8.47489236e-05],\n",
      "       [-2.59660858e-05, -8.47703324e-05,  9.99999996e-01]]), array([[ 0.2627996 ],\n",
      "       [-0.06797279],\n",
      "       [ 0.96245315]])), (array([[ 9.99999618e-01,  8.07077800e-04,  3.36435577e-04],\n",
      "       [-8.07045784e-04,  9.99999670e-01, -9.52862732e-05],\n",
      "       [-3.36512370e-04,  9.50147179e-05,  9.99999939e-01]]), array([[ 0.29374886],\n",
      "       [-0.08159183],\n",
      "       [ 0.95239403]])), (array([[ 9.99999941e-01,  3.40936340e-04,  4.77909147e-05],\n",
      "       [-3.40933184e-04,  9.99999940e-01, -6.60319377e-05],\n",
      "       [-4.78134245e-05,  6.60156402e-05,  9.99999997e-01]]), array([[ 0.18710153],\n",
      "       [-0.06615944],\n",
      "       [ 0.98011017]])), (array([[ 9.99999713e-01, -2.95269425e-05,  7.57425637e-04],\n",
      "       [ 2.95192215e-05,  1.00000000e+00,  1.02048854e-05],\n",
      "       [-7.57425938e-04, -1.01825239e-05,  9.99999713e-01]]), array([[-0.25705455],\n",
      "       [ 0.03930189],\n",
      "       [-0.96559739]])), (array([[ 9.99994790e-01, -2.58135717e-03,  1.93807617e-03],\n",
      "       [ 2.57966464e-03,  9.99996290e-01,  8.75293110e-04],\n",
      "       [-1.94032842e-03, -8.70288963e-04,  9.99997739e-01]]), array([[-0.15157184],\n",
      "       [-0.04545242],\n",
      "       [-0.98740065]])), (array([[ 0.99972391, -0.00472227,  0.02301733],\n",
      "       [ 0.00431642,  0.99983491,  0.01765015],\n",
      "       [-0.02309687, -0.01754592,  0.99957925]]), array([[-0.73830567],\n",
      "       [-0.59200459],\n",
      "       [-0.32316451]])), (array([[ 0.99953193, -0.00577661,  0.03004238],\n",
      "       [ 0.00533485,  0.99987677,  0.01476417],\n",
      "       [-0.03012396, -0.01459698,  0.99943958]]), array([[-0.84582486],\n",
      "       [-0.42955964],\n",
      "       [-0.31632076]])), (array([[ 0.99928673, -0.00775605,  0.0369578 ],\n",
      "       [ 0.00693995,  0.99973036,  0.02215931],\n",
      "       [-0.03711971, -0.02188702,  0.99907111]]), array([[-0.80523051],\n",
      "       [-0.5027976 ],\n",
      "       [-0.31432213]])), (array([[ 0.99954736, -0.00629448,  0.02941865],\n",
      "       [ 0.00573542,  0.99980209,  0.01904933],\n",
      "       [-0.02953273, -0.01887198,  0.99938564]]), array([[-0.78883361],\n",
      "       [-0.53258754],\n",
      "       [-0.30674428]])), (array([[ 0.99960186, -0.00550073,  0.0276741 ],\n",
      "       [ 0.00510508,  0.99988404,  0.01434736],\n",
      "       [-0.02774981, -0.01420037,  0.99951403]]), array([[-0.83078405],\n",
      "       [-0.43924865],\n",
      "       [-0.3418457 ]])), (array([[ 0.99997229, -0.00635108,  0.0038825 ],\n",
      "       [ 0.00634159,  0.99997689,  0.00245166],\n",
      "       [-0.00389798, -0.00242697,  0.99998946]]), array([[0.19137577],\n",
      "       [0.12719876],\n",
      "       [0.97323984]])), (array([[ 9.99995706e-01, -9.01678439e-04,  2.78841979e-03],\n",
      "       [ 9.01148130e-04,  9.99999576e-01,  1.91432895e-04],\n",
      "       [-2.78859122e-03, -1.88919293e-04,  9.99996094e-01]]), array([[-0.5138562 ],\n",
      "       [ 0.02892055],\n",
      "       [-0.85738871]])), (array([[ 9.99999937e-01,  3.29497510e-04,  1.30131967e-04],\n",
      "       [-3.29489047e-04,  9.99999944e-01, -6.50563689e-05],\n",
      "       [-1.30153395e-04,  6.50134878e-05,  9.99999989e-01]]), array([[-0.31654572],\n",
      "       [ 0.11154975],\n",
      "       [-0.94199547]])), (array([[ 9.99999940e-01,  3.36160539e-04, -8.57859836e-05],\n",
      "       [-3.36129749e-04,  9.99999879e-01,  3.58676896e-04],\n",
      "       [ 8.59065462e-05, -3.58648039e-04,  9.99999932e-01]]), array([[-0.2603108 ],\n",
      "       [ 0.10146451],\n",
      "       [-0.96017875]])), (array([[ 9.99999490e-01,  3.28012330e-04,  9.55509454e-04],\n",
      "       [-3.28615179e-04,  9.99999747e-01,  6.30829835e-04],\n",
      "       [-9.55302292e-04, -6.31143508e-04,  9.99999345e-01]]), array([[ 0.38126098],\n",
      "       [-0.10568554],\n",
      "       [ 0.91840657]])), (array([[ 9.99999960e-01,  1.38088957e-04, -2.46115276e-04],\n",
      "       [-1.37743096e-04,  9.99999004e-01,  1.40474178e-03],\n",
      "       [ 2.46309010e-04, -1.40470782e-03,  9.99998983e-01]]), array([[ 0.1795577 ],\n",
      "       [-0.08179634],\n",
      "       [ 0.98034096]])), (array([[ 9.99999825e-01,  3.35259147e-04, -4.87940334e-04],\n",
      "       [-3.34336670e-04,  9.99998159e-01,  1.88940674e-03],\n",
      "       [ 4.88572877e-04, -1.88924327e-03,  9.99998096e-01]]), array([[-0.16259104],\n",
      "       [ 0.09913218],\n",
      "       [-0.98170106]])), (array([[ 9.99999857e-01,  1.38475327e-04, -5.17492989e-04],\n",
      "       [-1.37601219e-04,  9.99998565e-01,  1.68877472e-03],\n",
      "       [ 5.17726100e-04, -1.68870327e-03,  9.99998440e-01]]), array([[ 0.13958055],\n",
      "       [-0.0996163 ],\n",
      "       [ 0.98518722]])), (array([[ 9.99999889e-01,  4.53812269e-04, -1.22845105e-04],\n",
      "       [-4.53593387e-04,  9.99998320e-01,  1.77597472e-03],\n",
      "       [ 1.23650858e-04, -1.77591880e-03,  9.99998415e-01]]), array([[ 0.1814702 ],\n",
      "       [-0.07779127],\n",
      "       [ 0.98031479]])), (array([[ 9.99999802e-01,  1.75322368e-04, -6.04110162e-04],\n",
      "       [-1.73927546e-04,  9.99997321e-01,  2.30816684e-03],\n",
      "       [ 6.04513217e-04, -2.30806132e-03,  9.99997154e-01]]), array([[ 0.1346761 ],\n",
      "       [-0.090682  ],\n",
      "       [ 0.98673153]])), (array([[ 9.99999845e-01,  9.97314918e-05, -5.47954140e-04],\n",
      "       [-9.87095169e-05,  9.99998256e-01,  1.86478448e-03],\n",
      "       [ 5.48139162e-04, -1.86473010e-03,  9.99998111e-01]]), array([[ 0.11386131],\n",
      "       [-0.098656  ],\n",
      "       [ 0.98858616]])), (array([[ 9.99999895e-01,  4.17554198e-04, -1.86361428e-04],\n",
      "       [-4.17196241e-04,  9.99998076e-01,  1.91669136e-03],\n",
      "       [ 1.87161392e-04, -1.91661341e-03,  9.99998146e-01]]), array([[-0.16753783],\n",
      "       [ 0.1040399 ],\n",
      "       [-0.98036053]])), (array([[ 9.99999716e-01,  1.33957297e-04, -7.41833669e-04],\n",
      "       [-1.32042658e-04,  9.99996662e-01,  2.58040221e-03],\n",
      "       [ 7.42176857e-04, -2.58030353e-03,  9.99996396e-01]]), array([[ 0.10220031],\n",
      "       [-0.08333883],\n",
      "       [ 0.99126673]])), (array([[ 9.99999834e-01, -7.13227414e-05, -5.71369516e-04],\n",
      "       [ 7.24547503e-05,  9.99998034e-01,  1.98144464e-03],\n",
      "       [ 5.71227071e-04, -1.98148571e-03,  9.99997874e-01]]), array([[-0.11780769],\n",
      "       [ 0.09626582],\n",
      "       [-0.98835937]])), (array([[ 9.99999962e-01,  1.27884969e-04, -2.42392723e-04],\n",
      "       [-1.27399407e-04,  9.99997988e-01,  2.00216289e-03],\n",
      "       [ 2.42648281e-04, -2.00213193e-03,  9.99997966e-01]]), array([[-0.14085974],\n",
      "       [ 0.07532004],\n",
      "       [-0.98716028]])), (array([[ 9.99999944e-01,  2.53392868e-05, -3.34484456e-04],\n",
      "       [-2.44987260e-05,  9.99996843e-01,  2.51276886e-03],\n",
      "       [ 3.34547072e-04, -2.51276052e-03,  9.99996787e-01]]), array([[ 0.16184421],\n",
      "       [-0.07481932],\n",
      "       [ 0.98397587]])), (array([[ 9.99999889e-01,  1.53931110e-04, -4.44375034e-04],\n",
      "       [-1.53056378e-04,  9.99998052e-01,  1.96781734e-03],\n",
      "       [ 4.44677077e-04, -1.96774910e-03,  9.99997965e-01]]), array([[ 0.10301318],\n",
      "       [-0.07239311],\n",
      "       [ 0.9920421 ]])), (array([[ 9.99999936e-01,  6.75350119e-05, -3.50133342e-04],\n",
      "       [-6.69028347e-05,  9.99998368e-01,  1.80523017e-03],\n",
      "       [ 3.50254687e-04, -1.80520663e-03,  9.99998309e-01]]), array([[ 0.13633244],\n",
      "       [-0.08787417],\n",
      "       [ 0.98675812]])), (array([[ 9.99999887e-01, -4.74640327e-04,  2.93201216e-05],\n",
      "       [ 4.74571786e-04,  9.99997254e-01,  2.29503545e-03],\n",
      "       [-3.04093575e-05, -2.29502127e-03,  9.99997366e-01]]), array([[ 0.11306362],\n",
      "       [-0.07634727],\n",
      "       [ 0.99065015]])), (array([[ 0.99999779, -0.00154771,  0.00142106],\n",
      "       [ 0.0015452 ,  0.99999724,  0.00177037],\n",
      "       [-0.0014238 , -0.00176817,  0.99999742]]), array([[-0.15686573],\n",
      "       [-0.00242743],\n",
      "       [-0.98761696]])), (array([[ 0.99999478, -0.00267857,  0.0018067 ],\n",
      "       [ 0.00267538,  0.99999486,  0.00176857],\n",
      "       [-0.00181143, -0.00176373,  0.9999968 ]]), array([[-0.10578678],\n",
      "       [-0.01116091],\n",
      "       [-0.9943262 ]])), (array([[ 0.99997728, -0.00527251,  0.00419994],\n",
      "       [ 0.00525957,  0.9999814 ,  0.00308702],\n",
      "       [-0.00421614, -0.00306486,  0.99998642]]), array([[0.19268605],\n",
      "       [0.07197155],\n",
      "       [0.97861749]])), (array([[ 0.99998886, -0.00403209,  0.00245351],\n",
      "       [ 0.00402685,  0.99998961,  0.00213753],\n",
      "       [-0.0024621 , -0.00212763,  0.99999471]]), array([[-0.09585475],\n",
      "       [-0.04376317],\n",
      "       [-0.99443283]])), (array([[ 0.99998737, -0.00418098,  0.00279044],\n",
      "       [ 0.00417472,  0.99998876,  0.00224665],\n",
      "       [-0.0027998 , -0.00223498,  0.99999358]]), array([[-0.13926789],\n",
      "       [-0.05353185],\n",
      "       [-0.98880675]])), (array([[-0.890935  ,  0.00989446,  0.45402305],\n",
      "       [ 0.00656142, -0.9993778 ,  0.03465486],\n",
      "       [ 0.45408345,  0.03385427,  0.89031574]]), array([[0.23482971],\n",
      "       [0.01886789],\n",
      "       [0.97185339]])), (array([[ 9.99999281e-01, -9.96185903e-05,  1.19509780e-03],\n",
      "       [ 9.86898522e-05,  9.99999693e-01,  7.77156944e-04],\n",
      "       [-1.19517486e-03, -7.77038441e-04,  9.99998984e-01]]), array([[ 0.3865452 ],\n",
      "       [-0.00547109],\n",
      "       [ 0.92225424]])), (array([[ 9.99999975e-01,  2.24450009e-04,  2.20779345e-05],\n",
      "       [-2.24452791e-04,  9.99999967e-01,  1.26063310e-04],\n",
      "       [-2.20496388e-05, -1.26068262e-04,  9.99999992e-01]]), array([[-0.24067676],\n",
      "       [ 0.05812484],\n",
      "       [-0.96886335]])), (array([[ 9.99999993e-01,  1.17360839e-04, -1.92285916e-05],\n",
      "       [-1.17359106e-04,  9.99999989e-01,  9.01264110e-05],\n",
      "       [ 1.92391687e-05, -9.01241537e-05,  9.99999996e-01]]), array([[ 0.25756403],\n",
      "       [-0.0822943 ],\n",
      "       [ 0.96275045]])), (array([[ 9.99999928e-01,  3.70271311e-04,  8.35393434e-05],\n",
      "       [-3.70282202e-04,  9.99999923e-01,  1.30391387e-04],\n",
      "       [-8.34910568e-05, -1.30422311e-04,  9.99999988e-01]]), array([[-0.25378638],\n",
      "       [ 0.05952366],\n",
      "       [-0.96542706]])), (array([[ 9.99999674e-01,  1.69548367e-04,  7.89724052e-04],\n",
      "       [-1.69736287e-04,  9.99999957e-01,  2.37894883e-04],\n",
      "       [-7.89683684e-04, -2.38028851e-04,  9.99999660e-01]]), array([[ 0.30607717],\n",
      "       [-0.03278046],\n",
      "       [ 0.95144217]])), (array([[ 9.99999887e-01,  5.63831578e-06, -4.74593400e-04],\n",
      "       [-5.59342056e-06,  9.99999996e-01,  9.45985017e-05],\n",
      "       [ 4.74593931e-04, -9.45958364e-05,  9.99999883e-01]]), array([[ 0.19804708],\n",
      "       [-0.09238269],\n",
      "       [ 0.97582929]])), (array([[ 9.99999996e-01, -9.05686051e-05,  1.57367948e-05],\n",
      "       [ 9.05673861e-05,  9.99999993e-01,  7.74443133e-05],\n",
      "       [-1.57438087e-05, -7.74428878e-05,  9.99999997e-01]]), array([[ 0.25330989],\n",
      "       [-0.07420961],\n",
      "       [ 0.96453462]])), (array([[ 9.99999782e-01, -4.04183468e-05,  6.58925573e-04],\n",
      "       [ 4.02852995e-05,  9.99999979e-01,  2.01927580e-04],\n",
      "       [-6.58933721e-04, -2.01900991e-04,  9.99999763e-01]]), array([[-0.32336962],\n",
      "       [ 0.04189029],\n",
      "       [-0.94534506]])), (array([[ 9.99999881e-01,  1.27858775e-05,  4.88553795e-04],\n",
      "       [-1.28765094e-05,  9.99999983e-01,  1.85507916e-04],\n",
      "       [-4.88551414e-04, -1.85514185e-04,  9.99999863e-01]]), array([[ 0.2684921 ],\n",
      "       [-0.05210266],\n",
      "       [ 0.96187177]])), (array([[ 9.99999933e-01, -1.58300332e-04, -3.28841853e-04],\n",
      "       [ 1.58318610e-04,  9.99999986e-01,  5.55580179e-05],\n",
