{
 "cells": [
  {
   "cell_type": "markdown",
   "metadata": {},
   "source": [
    "Для любых видео восстановить траекторию движения (t вектор). Выполнить визуализацию. \n",
    "Определить параметры которые влияют на \"точность\" определения вектора t\n",
    "Использовать решение на базе нейронных сетей. \n",
    "Любые идеи. \n",
    "\n",
    "Есть видео полета дрона, анализируем с помощью детектора ORB.\n",
    "Выводим траекторию на трехмерный график.\n",
    "Результаты сохраняем в таблице csv\n"
   ]
  },
  {
   "cell_type": "code",
   "execution_count": 36,
   "metadata": {},
   "outputs": [
    {
     "name": "stdout",
     "output_type": "stream",
     "text": [
      "Видео открыто\n",
      "Текущий кадр: 20\n",
      "Текущий кадр: 40\n",
      "Текущий кадр: 60\n",
      "Текущий кадр: 80\n",
      "Текущий кадр: 100\n",
      "Текущий кадр: 120\n",
      "Текущий кадр: 140\n",
      "Текущий кадр: 160\n",
      "Текущий кадр: 180\n",
      "Текущий кадр: 200\n",
      "Текущий кадр: 220\n",
      "Текущий кадр: 240\n",
      "Текущий кадр: 260\n",
      "Текущий кадр: 280\n",
      "Текущий кадр: 300\n",
      "Текущий кадр: 320\n",
      "Текущий кадр: 340\n",
      "Текущий кадр: 360\n",
      "Текущий кадр: 380\n",
      "Текущий кадр: 400\n",
      "Текущий кадр: 420\n",
      "Текущий кадр: 440\n",
      "Текущий кадр: 460\n",
      "Текущий кадр: 480\n",
      "Текущий кадр: 500\n",
      "Текущий кадр: 520\n",
      "Текущий кадр: 540\n",
      "Текущий кадр: 560\n",
      "Текущий кадр: 580\n",
      "Текущий кадр: 600\n",
      "Текущий кадр: 620\n",
      "Текущий кадр: 640\n",
      "Текущий кадр: 660\n",
      "Текущий кадр: 680\n",
      "Текущий кадр: 700\n",
      "Текущий кадр: 720\n",
      "Текущий кадр: 740\n",
      "Текущий кадр: 760\n",
      "Текущий кадр: 780\n",
      "Текущий кадр: 800\n",
      "Текущий кадр: 820\n",
      "Текущий кадр: 840\n",
      "Текущий кадр: 860\n",
      "Текущий кадр: 880\n",
      "Текущий кадр: 900\n",
      "Текущий кадр: 920\n",
      "Текущий кадр: 940\n",
      "Текущий кадр: 960\n",
      "Текущий кадр: 980\n",
      "Текущий кадр: 1000\n",
      "Текущий кадр: 1020\n",
      "Текущий кадр: 1040\n",
      "Текущий кадр: 1060\n",
      "Текущий кадр: 1080\n",
      "Текущий кадр: 1100\n",
      "Текущий кадр: 1120\n",
      "Текущий кадр: 1140\n",
      "Текущий кадр: 1160\n",
      "Текущий кадр: 1180\n",
      "Текущий кадр: 1200\n",
      "Текущий кадр: 1220\n",
      "Текущий кадр: 1240\n",
      "Текущий кадр: 1260\n",
      "Текущий кадр: 1280\n",
      "Текущий кадр: 1300\n",
      "Текущий кадр: 1320\n",
      "Текущий кадр: 1340\n",
      "Текущий кадр: 1360\n",
      "Текущий кадр: 1380\n",
      "Текущий кадр: 1400\n",
      "Текущий кадр: 1420\n",
      "Текущий кадр: 1440\n",
      "Текущий кадр: 1460\n",
      "Текущий кадр: 1480\n",
      "Текущий кадр: 1500\n",
      "Текущий кадр: 1520\n",
      "Текущий кадр: 1540\n",
      "Текущий кадр: 1560\n",
      "Текущий кадр: 1580\n",
      "Текущий кадр: 1600\n",
      "Текущий кадр: 1620\n",
      "Текущий кадр: 1640\n",
      "Текущий кадр: 1660\n",
      "Текущий кадр: 1680\n",
      "Текущий кадр: 1700\n",
      "Текущий кадр: 1720\n",
      "Текущий кадр: 1740\n",
      "Текущий кадр: 1760\n",
      "Текущий кадр: 1780\n",
      "Текущий кадр: 1800\n",
      "Текущий кадр: 1820\n",
      "Текущий кадр: 1840\n",
      "Текущий кадр: 1860\n",
      "Текущий кадр: 1880\n",
      "Текущий кадр: 1900\n",
      "Текущий кадр: 1920\n",
      "Текущий кадр: 1940\n",
      "Текущий кадр: 1960\n",
      "Текущий кадр: 1980\n",
      "Текущий кадр: 2000\n",
      "Текущий кадр: 2020\n",
      "Текущий кадр: 2040\n",
      "Текущий кадр: 2060\n",
      "Текущий кадр: 2080\n",
      "Текущий кадр: 2100\n",
      "Текущий кадр: 2120\n",
      "Текущий кадр: 2140\n",
      "Текущий кадр: 2160\n",
      "Текущий кадр: 2180\n",
      "Текущий кадр: 2200\n",
      "Текущий кадр: 2220\n",
      "Текущий кадр: 2240\n",
      "Текущий кадр: 2260\n",
      "Текущий кадр: 2280\n",
      "Текущий кадр: 2300\n",
      "Текущий кадр: 2320\n",
      "Текущий кадр: 2340\n",
      "Текущий кадр: 2360\n",
      "Текущий кадр: 2380\n",
      "Текущий кадр: 2400\n",
      "Текущий кадр: 2420\n",
      "Текущий кадр: 2440\n",
      "Текущий кадр: 2460\n",
      "Текущий кадр: 2480\n",
      "Текущий кадр: 2500\n",
      "Текущий кадр: 2520\n",
      "Текущий кадр: 2540\n",
      "Текущий кадр: 2560\n",
      "Текущий кадр: 2580\n",
      "Текущий кадр: 2600\n",
      "Текущий кадр: 2620\n",
      "Текущий кадр: 2640\n",
      "Текущий кадр: 2660\n",
      "Текущий кадр: 2680\n",
      "Текущий кадр: 2700\n",
      "Текущий кадр: 2720\n",
      "Текущий кадр: 2740\n",
      "Текущий кадр: 2760\n",
      "Текущий кадр: 2780\n",
      "Текущий кадр: 2800\n",
      "Текущий кадр: 2820\n",
      "Текущий кадр: 2840\n",
      "Текущий кадр: 2860\n",
      "Текущий кадр: 2880\n",
      "Текущий кадр: 2900\n",
      "Текущий кадр: 2920\n",
      "Текущий кадр: 2940\n",
      "Текущий кадр: 2960\n",
      "Текущий кадр: 2980\n",
      "Текущий кадр: 3000\n",
      "Текущий кадр: 3020\n",
      "Текущий кадр: 3040\n",
      "Текущий кадр: 3060\n",
      "Текущий кадр: 3080\n",
      "Текущий кадр: 3100\n",
      "Текущий кадр: 3120\n",
      "Текущий кадр: 3140\n",
      "Текущий кадр: 3160\n",
      "Текущий кадр: 3180\n",
      "Текущий кадр: 3200\n",
      "Текущий кадр: 3220\n",
      "Текущий кадр: 3240\n",
      "Текущий кадр: 3260\n",
      "Текущий кадр: 3280\n",
      "Текущий кадр: 3300\n",
      "Текущий кадр: 3320\n",
      "Текущий кадр: 3340\n",
      "Текущий кадр: 3360\n",
      "Текущий кадр: 3380\n",
      "Текущий кадр: 3400\n",
      "Текущий кадр: 3420\n",
      "Текущий кадр: 3440\n",
      "Текущий кадр: 3460\n",
      "Текущий кадр: 3480\n",
      "Текущий кадр: 3500\n",
      "Текущий кадр: 3520\n",
      "Текущий кадр: 3540\n",
      "Текущий кадр: 3560\n",
      "Ошибка: OpenCV(4.10.0) D:\\a\\opencv-python\\opencv-python\\opencv\\modules\\calib3d\\src\\five-point.cpp:759: error: (-215:Assertion failed) E.cols == 3 && E.rows == 3 in function 'cv::decomposeEssentialMat'\n",
      "\n",
      "Видео - всё\n",
      "[(array([[ 9.99998845e-01,  5.95278043e-04, -1.39875416e-03],\n",
      "       [-5.95855005e-04,  9.99999738e-01, -4.12102130e-04],\n",
      "       [ 1.39850848e-03,  4.12935109e-04,  9.99998937e-01]]), array([[ 0.96751432],\n",
      "       [ 0.17937891],\n",
      "       [-0.17815514]])), (array([[ 9.99999966e-01,  2.39534813e-04, -1.05259151e-04],\n",
      "       [-2.39551133e-04,  9.99999959e-01, -1.55062906e-04],\n",
      "       [ 1.05222003e-04,  1.55088116e-04,  9.99999982e-01]]), array([[ 0.09358563],\n",
      "       [ 0.13138641],\n",
      "       [-0.98690392]])), (array([[ 9.99999977e-01,  2.10741709e-04, -4.81934166e-05],\n",
      "       [-2.10751083e-04,  9.99999959e-01, -1.94574901e-04],\n",
      "       [ 4.81524095e-05,  1.94585053e-04,  9.99999980e-01]]), array([[ 0.09894433],\n",
      "       [ 0.14324284],\n",
      "       [-0.98472915]])), (array([[ 9.99999896e-01,  4.16052122e-04, -1.88915700e-04],\n",
      "       [-4.16083155e-04,  9.99999900e-01, -1.64257842e-04],\n",
      "       [ 1.88847341e-04,  1.64336429e-04,  9.99999969e-01]]), array([[ 0.1034376 ],\n",
      "       [ 0.14204974],\n",
      "       [-0.98444021]])), (array([[ 9.99999712e-01,  7.53088152e-04, -9.43257448e-05],\n",
      "       [-7.53099256e-04,  9.99999709e-01, -1.17740766e-04],\n",
      "       [ 9.42370483e-05,  1.17811768e-04,  9.99999989e-01]]), array([[ 0.09558814],\n",
      "       [ 0.14550397],\n",
      "       [-0.98472915]])), (array([[ 9.99999645e-01,  8.38941876e-04, -8.06368021e-05],\n",
      "       [-8.38946653e-04,  9.99999646e-01, -5.92261002e-05],\n",
      "       [ 8.05870863e-05,  5.92937291e-05,  9.99999995e-01]]), array([[ 0.08102257],\n",
      "       [ 0.13867244],\n",
      "       [-0.98701839]])), (array([[ 9.99999929e-01,  2.61067378e-04, -2.71059368e-04],\n",
      "       [-2.61106221e-04,  9.99999956e-01, -1.43274552e-04],\n",
      "       [ 2.71021951e-04,  1.43345317e-04,  9.99999953e-01]]), array([[-0.06856372],\n",
      "       [ 0.1363134 ],\n",
      "       [-0.98829028]])), (array([[ 9.99999842e-01, -1.49764193e-04, -5.42156480e-04],\n",
      "       [ 1.49686257e-04,  9.99999978e-01, -1.43790267e-04],\n",
      "       [ 5.42178003e-04,  1.43709091e-04,  9.99999843e-01]]), array([[-0.26002856],\n",
      "       [ 0.14825816],\n",
      "       [-0.95415128]])), (array([[ 9.99999412e-01, -1.08453705e-03, -1.74202668e-05],\n",
      "       [ 1.08453610e-03,  9.99999410e-01, -5.41615584e-05],\n",
      "       [ 1.74789967e-05,  5.41426336e-05,  9.99999998e-01]]), array([[-0.26454715],\n",
      "       [ 0.17096723],\n",
      "       [-0.94909695]])), (array([[ 9.99999600e-01, -8.93942746e-04,  8.21539296e-06],\n",
      "       [ 8.93943963e-04,  9.99999589e-01, -1.49334659e-04],\n",
      "       [-8.08189295e-06,  1.49341944e-04,  9.99999989e-01]]), array([[-0.25124736],\n",
      "       [ 0.18213615],\n",
      "       [-0.95063199]])), (array([[ 9.99997542e-01, -1.62793379e-03,  1.50527271e-03],\n",
      "       [ 1.62831955e-03,  9.99998642e-01, -2.55085265e-04],\n",
      "       [-1.50485540e-03,  2.57535703e-04,  9.99998835e-01]]), array([[-0.21330055],\n",
      "       [ 0.16597332],\n",
      "       [-0.9627854 ]])), (array([[ 0.99997898, -0.00175006,  0.00624288],\n",
      "       [ 0.00176345,  0.99999615, -0.00214157],\n",
      "       [-0.00623911,  0.00215253,  0.99997822]]), array([[-0.14807862],\n",
      "       [ 0.16513214],\n",
      "       [-0.97509184]])), (array([[ 9.99980666e-01, -2.16297226e-04,  6.21454512e-03],\n",
      "       [ 2.44324823e-04,  9.99989802e-01, -4.50959465e-03],\n",
      "       [-6.21350633e-03,  4.51102583e-03,  9.99970521e-01]]), array([[-0.10855942],\n",
      "       [ 0.1716621 ],\n",
      "       [-0.97915626]])), (array([[ 0.99999388, -0.00123641,  0.00327212],\n",
      "       [ 0.00125309,  0.9999862 , -0.00510223],\n",
      "       [-0.00326577,  0.0051063 ,  0.99998163]]), array([[-0.06734439],\n",
      "       [ 0.18115142],\n",
      "       [-0.98114673]])), (array([[ 9.99974999e-01, -3.62132359e-04,  7.06188356e-03],\n",
      "       [ 4.01750690e-04,  9.99984186e-01, -5.60955358e-03],\n",
      "       [-7.05974048e-03,  5.61225046e-03,  9.99959331e-01]]), array([[-0.06004431],\n",
      "       [ 0.17507281],\n",
      "       [-0.98272285]])), (array([[ 9.99942233e-01, -7.89791747e-04,  1.07194515e-02],\n",
      "       [ 8.50709451e-04,  9.99983509e-01, -5.67954295e-03],\n",
      "       [-1.07147891e-02,  5.68833399e-03,  9.99926415e-01]]), array([[-0.06994961],\n",
      "       [ 0.1798954 ],\n",
      "       [-0.98119555]])), (array([[ 9.99913350e-01, -9.24883558e-04,  1.31315044e-02],\n",
      "       [ 1.00016351e-03,  9.99983098e-01, -5.72736480e-03],\n",
      "       [-1.31259853e-02,  5.74000218e-03,  9.99897375e-01]]), array([[-0.10948744],\n",
      "       [ 0.18349297],\n",
      "       [-0.97690472]])), (array([[ 0.99983339, -0.00275264,  0.01804494],\n",
      "       [ 0.00284115,  0.99998405, -0.00488149],\n",
      "       [-0.01803122,  0.00493194,  0.99982526]]), array([[-0.15268506],\n",
      "       [ 0.17408642],\n",
      "       [-0.97282125]])), (array([[ 9.99792041e-01, -6.43773823e-03,  1.93501881e-02],\n",
      "       [ 6.44386393e-03,  9.99979206e-01, -2.54235880e-04],\n",
      "       [-1.93481490e-02,  3.78872989e-04,  9.99812735e-01]]), array([[-0.16976428],\n",
      "       [ 0.14255389],\n",
      "       [-0.97511973]])), (array([[ 0.9997916 , -0.0101777 ,  0.01769676],\n",
      "       [ 0.0101381 ,  0.9999459 ,  0.00232602],\n",
      "       [-0.01771948, -0.00214612,  0.99984069]]), array([[-0.1678597 ],\n",
      "       [ 0.11924392],\n",
      "       [-0.97857243]])), (array([[ 0.99948449, -0.01798212,  0.02659688],\n",
      "       [ 0.01784323,  0.99982594,  0.0054503 ],\n",
      "       [-0.02669025, -0.00497291,  0.99963138]]), array([[-0.19035463],\n",
      "       [ 0.08096081],\n",
      "       [-0.97837133]])), (array([[ 0.99935322, -0.02121132,  0.02903842],\n",
      "       [ 0.02101402,  0.99975409,  0.0070829 ],\n",
      "       [-0.02918152, -0.00646811,  0.9995532 ]]), array([[-0.19081567],\n",
      "       [ 0.06663931],\n",
      "       [-0.97936131]])), (array([[ 0.99970299, -0.0116753 ,  0.02139224],\n",
      "       [ 0.01160746,  0.99992721,  0.00329264],\n",
      "       [-0.02142912, -0.00304336,  0.99976574]]), array([[-0.20597733],\n",
      "       [ 0.09880655],\n",
      "       [-0.97355565]])), (array([[ 0.99980261, -0.00887995,  0.01777319],\n",
      "       [ 0.00884114,  0.99995836,  0.00226124],\n",
      "       [-0.01779253, -0.00210366,  0.99983949]]), array([[-0.22328377],\n",
      "       [ 0.1134613 ],\n",
      "       [-0.96812752]])), (array([[ 0.99985099, -0.008098  ,  0.01524535],\n",
      "       [ 0.00807005,  0.99996564,  0.00189395],\n",
      "       [-0.01526017, -0.00177063,  0.99988199]]), array([[-0.21886741],\n",
      "       [ 0.11852413],\n",
      "       [-0.96852934]])), (array([[ 0.99981827, -0.00819991,  0.01720993],\n",
      "       [ 0.00816131,  0.99996402,  0.00231182],\n",
      "       [-0.01722827, -0.00217095,  0.99984923]]), array([[-0.24347153],\n",
      "       [ 0.10860754],\n",
      "       [-0.96380808]])), (array([[ 0.99973362, -0.00939201,  0.02108279],\n",
      "       [ 0.00931693,  0.99994991,  0.00365661],\n",
      "       [-0.02111608, -0.00345921,  0.99977105]]), array([[-0.27860526],\n",
      "       [ 0.08990896],\n",
      "       [-0.956188  ]])), (array([[ 0.99957116, -0.0130529 ,  0.02621279],\n",
      "       [ 0.01290785,  0.99990047,  0.00569518],\n",
      "       [-0.02628452, -0.00535438,  0.99964016]]), array([[-0.37281018],\n",
      "       [ 0.0530388 ],\n",
      "       [-0.92639055]])), (array([[ 0.99907036, -0.0193282 ,  0.03853358],\n",
      "       [ 0.01893812,  0.99976591,  0.01046265],\n",
      "       [-0.03872679, -0.00972317,  0.99920253]]), array([[-0.48109432],\n",
      "       [-0.01079995],\n",
      "       [-0.87660231]])), (array([[ 0.99810945, -0.02529213,  0.05601643],\n",
      "       [ 0.02436754,  0.99955633,  0.01712771],\n",
      "       [-0.05642477, -0.01573034,  0.99828293]]), array([[-0.61322017],\n",
      "       [-0.08137359],\n",
      "       [-0.78570947]])), (array([[ 0.99578529, -0.03225134,  0.08585749],\n",
      "       [ 0.02986366,  0.99913464,  0.02895069],\n",
      "       [-0.08671689, -0.02626465,  0.99588672]]), array([[-0.74075777],\n",
      "       [-0.16589227],\n",
      "       [-0.65096673]])), (array([[ 0.98308235, -0.04902076,  0.17648248],\n",
      "       [ 0.03863251,  0.99733894,  0.06182695],\n",
      "       [-0.17904365, -0.05396302,  0.9823601 ]]), array([[-0.88448694],\n",
      "       [-0.26205382],\n",
      "       [-0.38601898]])), (array([[ 0.97441156, -0.04739008,  0.21971866],\n",
      "       [ 0.03692652,  0.99799061,  0.05148961],\n",
      "       [-0.22171726, -0.04205862,  0.97420354]]), array([[-0.9523898 ],\n",
      "       [-0.18739143],\n",
      "       [-0.24049558]])), (array([[ 0.97186609, -0.04796273,  0.23059895],\n",
      "       [ 0.03711626,  0.9980011 ,  0.05114862],\n",
      "       [-0.23259123, -0.04115064,  0.97170363]]), array([[-0.96168187],\n",
      "       [-0.17998877],\n",
      "       [-0.20681398]])), (array([[ 0.97559931, -0.04327663,  0.21525129],\n",
      "       [ 0.03615172,  0.99866372,  0.0369299 ],\n",
      "       [-0.21656186, -0.02824708,  0.97586017]]), array([[-0.97310835],\n",
      "       [-0.13256122],\n",
      "       [-0.18838172]])), (array([[ 0.97977235, -0.03870498,  0.1963366 ],\n",
      "       [ 0.03290664,  0.99892301,  0.03271054],\n",
      "       [-0.19739121, -0.0255881 ,  0.9799908 ]]), array([[-0.97089801],\n",
      "       [-0.12606385],\n",
      "       [-0.20362949]])), (array([[ 0.9852574 , -0.03106289,  0.16823479],\n",
      "       [ 0.02888728,  0.99946458,  0.01536453],\n",
      "       [-0.16862198, -0.01027817,  0.98562721]]), array([[-0.98475952],\n",
      "       [-0.05555627],\n",
      "       [-0.16480953]])), (array([[ 0.98392411, -0.03237606,  0.17562784],\n",
      "       [ 0.0296021 ,  0.99939254,  0.01839215],\n",
      "       [-0.17611662, -0.01289753,  0.98428481]]), array([[-0.98363615],\n",
      "       [-0.06899606],\n",
      "       [-0.16643158]])), (array([[ 0.98128392, -0.03553447,  0.18925954],\n",
      "       [ 0.03161289,  0.99921916,  0.02370028],\n",
      "       [-0.18995394, -0.01727366,  0.98164103]]), array([[-0.98226975],\n",
      "       [-0.08981804],\n",
      "       [-0.16455658]])), (array([[ 0.98153015, -0.03501946,  0.18807497],\n",
      "       [ 0.03127122,  0.99924947,  0.0228607 ],\n",
      "       [-0.18873438, -0.01655714,  0.98188859]]), array([[-0.98330946],\n",
      "       [-0.08788599],\n",
      "       [-0.15930648]])), (array([[ 0.98113511, -0.03554189,  0.19002809],\n",
      "       [ 0.03243124,  0.9992846 ,  0.0194552 ],\n",
      "       [-0.19058362, -0.01292534,  0.98158587]]), array([[-0.98792888],\n",
      "       [-0.07031886],\n",
      "       [-0.13802823]])), (array([[ 0.9804059 , -0.03643058,  0.19359   ],\n",
      "       [ 0.03430923,  0.99930895,  0.01430047],\n",
      "       [-0.19397719, -0.00737834,  0.98097829]]), array([[-0.99261061],\n",
      "       [-0.04260831],\n",
      "       [-0.11361653]])), (array([[ 0.98042844, -0.03666659,  0.19343121],\n",
      "       [ 0.03383416,  0.99926666,  0.01792747],\n",
      "       [-0.19394669, -0.01103202,  0.98095004]]), array([[-0.98959093],\n",
      "       [-0.05985052],\n",
      "       [-0.13087287]])), (array([[ 0.97955694, -0.03713428,  0.19771001],\n",
      "       [ 0.03367521,  0.99921573,  0.02083038],\n",
      "       [-0.19832847, -0.01374661,  0.98003921]]), array([[-0.98818904],\n",
      "       [-0.07365899],\n",
      "       [-0.13437546]])), (array([[ 0.97966096, -0.03728545,  0.19716543],\n",
      "       [ 0.03375097,  0.99920418,  0.0212576 ],\n",
      "       [-0.19780112, -0.01417072,  0.98013974]]), array([[-0.98747901],\n",
      "       [-0.07428013],\n",
      "       [-0.13916776]])), (array([[ 0.97946176, -0.03664922,  0.19827128],\n",
      "       [ 0.03382711,  0.99927266,  0.01760319],\n",
      "       [-0.19877221, -0.0105347 ,  0.9799891 ]]), array([[-0.99074838],\n",
      "       [-0.05749807],\n",
      "       [-0.12292936]])), (array([[ 0.98228018, -0.03553841,  0.18401811],\n",
      "       [ 0.03234882,  0.99927032,  0.02030711],\n",
      "       [-0.18460552, -0.0139945 ,  0.98271306]]), array([[-0.9856063 ],\n",
      "       [-0.07563673],\n",
      "       [-0.15119294]])), (array([[ 0.98104905, -0.03514849,  0.19054485],\n",
      "       [ 0.03246921,  0.99932531,  0.01716597],\n",
      "       [-0.19101965, -0.01065382,  0.9815284 ]]), array([[-0.98979821],\n",
      "       [-0.05838451],\n",
      "       [-0.12996441]])), (array([[ 0.98168723, -0.03562117,  0.18713982],\n",
      "       [ 0.03220185,  0.99925481,  0.0212808 ],\n",
      "       [-0.18775841, -0.01486484,  0.98210275]]), array([[-0.98569172],\n",
      "       [-0.08118634],\n",
      "       [-0.14771799]])), (array([[ 0.98067787, -0.03499532,  0.19247399],\n",
      "       [ 0.03259574,  0.99934655,  0.01562045],\n",
      "       [-0.19289486, -0.0090448 ,  0.98117774]]), array([[-0.99244987],\n",
      "       [-0.05124981],\n",
      "       [-0.11143035]])), (array([[ 0.98411687, -0.03262605,  0.17449791],\n",
      "       [ 0.03079509,  0.99943868,  0.01319078],\n",
      "       [-0.17483032, -0.00760759,  0.98456919]]), array([[-0.99141187],\n",
      "       [-0.04472659],\n",
      "       [-0.12289036]])), (array([[ 0.983611  , -0.03314914,  0.17723017],\n",
      "       [ 0.03126847,  0.99942126,  0.01339471],\n",
      "       [-0.17757163, -0.00763347,  0.98407827]]), array([[-0.99228298],\n",
      "       [-0.04529334],\n",
      "       [-0.11542526]])), (array([[ 0.98733018, -0.029886  ,  0.15583948],\n",
      "       [ 0.02835272,  0.99952531,  0.0120529 ],\n",
      "       [-0.15612571, -0.00748172,  0.98770886]]), array([[-0.98977375],\n",
      "       [-0.04469552],\n",
      "       [-0.13546302]])), (array([[ 0.98718843, -0.02919327,  0.15686542],\n",
      "       [ 0.02748973,  0.9995373 ,  0.01301895],\n",
      "       [-0.1571729 , -0.00853997,  0.98753418]]), array([[-0.98928085],\n",
      "       [-0.05051977],\n",
      "       [-0.13700782]])), (array([[ 0.98507335, -0.03111797,  0.16929903],\n",
      "       [ 0.02981647,  0.99950309,  0.01022508],\n",
      "       [-0.16953309, -0.00502455,  0.98551169]]), array([[-0.99397211],\n",
      "       [-0.03109797],\n",
      "       [-0.10513017]])), (array([[ 0.98111133, -0.03441928,  0.19035725],\n",
      "       [ 0.03331805,  0.99940443,  0.00898346],\n",
      "       [-0.19055308, -0.00247144,  0.98167378]]), array([[-0.99692011],\n",
      "       [-0.01996477],\n",
      "       [-0.07583996]])), (array([[ 0.97893164, -0.03553856,  0.20107178],\n",
      "       [ 0.03571037,  0.99935833,  0.00277388],\n",
      "       [-0.20104134,  0.00446491,  0.97957258]]), array([[-0.99921206],\n",
      "       [ 0.01054349],\n",
      "       [-0.03826354]])), (array([[ 0.97744642, -0.03620854,  0.20805635],\n",
      "       [ 0.03606416,  0.9993394 ,  0.00448841],\n",
      "       [-0.20808143,  0.0031162 ,  0.97810654]]), array([[-0.99896572],\n",
      "       [ 0.0033823 ],\n",
      "       [-0.04534364]])), (array([[ 0.9730711 , -0.04148526,  0.22674129],\n",
      "       [ 0.03910892,  0.99912289,  0.01496469],\n",
      "       [-0.22716323, -0.0056941 ,  0.97384005]]), array([[-0.99719729],\n",
      "       [-0.03928079],\n",
      "       [-0.0636757 ]])), (array([[ 0.97057963, -0.04294033,  0.23692047],\n",
      "       [ 0.03834111,  0.99897674,  0.02398818],\n",
      "       [-0.2377081 , -0.01419865,  0.97123285]]), array([[-0.99403628],\n",
      "       [-0.07484571],\n",
      "       [-0.07930953]])), (array([[ 0.97194558, -0.04258157,  0.23131924],\n",
      "       [ 0.0385576 ,  0.99901656,  0.02189096],\n",
      "       [-0.23202391, -0.01235771,  0.97263158]]), array([[-0.99472848],\n",
      "       [-0.0671552 ],\n",
      "       [-0.07749477]])), (array([[ 0.97675281, -0.03846403,  0.21088972],\n",
      "       [ 0.03508428,  0.99918927,  0.01974576],\n",
      "       [-0.21147825, -0.01188781,  0.97731041]]), array([[-0.99324166],\n",
      "       [-0.0648007 ],\n",
      "       [-0.09629061]])), (array([[ 0.98408797, -0.03207684,  0.17476255],\n",
      "       [ 0.03072066,  0.99947327,  0.01046056],\n",
      "       [-0.17500604, -0.00492529,  0.98455504]]), array([[-0.99441806],\n",
      "       [-0.03042472],\n",
      "       [-0.10102999]])), (array([[ 9.83543377e-01, -3.18988461e-02,  1.77833880e-01],\n",
      "       [ 3.13445231e-02,  9.99491070e-01,  5.92639429e-03],\n",
      "       [-1.77932420e-01, -2.54747704e-04,  9.84042676e-01]]), array([[-0.99695366],\n",
      "       [-0.00630859],\n",
      "       [-0.07774065]])), (array([[ 0.98281528, -0.03334186,  0.18155565],\n",
      "       [ 0.03069899,  0.99937811,  0.01734829],\n",
      "       [-0.18202116, -0.01147659,  0.98322764]]), array([[-0.99098077],\n",
      "       [-0.06635764],\n",
      "       [-0.11642068]])), (array([[ 0.98332645, -0.03212095,  0.17898976],\n",
      "       [ 0.03119058,  0.99948136,  0.00801032],\n",
      "       [-0.17915423, -0.00229396,  0.98381833]]), array([[-0.99653795],\n",
      "       [-0.01837117],\n",
      "       [-0.08108403]])), (array([[ 0.98307294, -0.03175051,  0.18044252],\n",
      "       [ 0.03066883,  0.99949102,  0.00878206],\n",
      "       [-0.18062951, -0.00309944,  0.98354632]]), array([[-0.99643267],\n",
      "       [-0.0218413 ],\n",
      "       [-0.08151621]])), (array([[ 0.98368503, -0.03150915,  0.17711841],\n",
      "       [ 0.02921542,  0.99945227,  0.01554391],\n",
      "       [-0.17751117, -0.01011572,  0.98406679]]), array([[-0.99104721],\n",
      "       [-0.05896709],\n",
      "       [-0.11978444]])), (array([[ 0.98314522, -0.03093397,  0.18019035],\n",
      "       [ 0.03014329,  0.99952019,  0.00712521],\n",
      "       [-0.18032431, -0.00157358,  0.98360595]]), array([[-0.99694824],\n",
      "       [-0.01417809],\n",
      "       [-0.07676706]])), (array([[ 0.98160146, -0.03423215,  0.18784765],\n",
      "       [ 0.0315699 ,  0.99935446,  0.01714684],\n",
      "       [-0.18831336, -0.01090103,  0.98204849]]), array([[-0.99244375],\n",
      "       [-0.06431291],\n",
      "       [-0.10449523]])), (array([[ 0.97964397, -0.03521263,  0.19763037],\n",
      "       [ 0.03393087,  0.99937545,  0.00986926],\n",
      "       [-0.19785446, -0.00296259,  0.98022693]]), array([[-0.99769842],\n",
      "       [-0.02567694],\n",
      "       [-0.06275796]])), (array([[ 0.97816702, -0.03642549,  0.20460318],\n",
      "       [ 0.0352691 ,  0.99933461,  0.00929696],\n",
      "       [-0.20480568, -0.00187781,  0.97880085]]), array([[-0.99812951],\n",
      "       [-0.02012684],\n",
      "       [-0.05772679]])), (array([[ 0.97331175, -0.04023692,  0.2259319 ],\n",
      "       [ 0.03729336,  0.99915489,  0.01728333],\n",
      "       [-0.22643639, -0.00839631,  0.97398977]]), array([[-0.99667259],\n",
      "       [-0.05056708],\n",
      "       [-0.06392742]])), (array([[ 0.97322272, -0.040479  ,  0.22627192],\n",
      "       [ 0.03747848,  0.99914344,  0.01754269],\n",
      "       [-0.22678822, -0.00859262,  0.97390619]]), array([[-0.99608702],\n",
      "       [-0.05083001],\n",
      "       [-0.07229764]])), (array([[ 0.98049541, -0.03553689,  0.19330255],\n",
      "       [ 0.03351149,  0.9993439 ,  0.01373866],\n",
      "       [-0.19366395, -0.00699283,  0.981043  ]]), array([[-0.99520287],\n",
      "       [-0.04218854],\n",
      "       [-0.08826875]])), (array([[ 9.84254719e-01, -3.23314420e-02,  1.73773777e-01],\n",
      "       [ 3.18978502e-02,  9.99477145e-01,  5.28806893e-03],\n",
      "       [-1.73853889e-01,  3.38203099e-04,  9.84771400e-01]]), array([[-0.99782564],\n",
      "       [-0.00313873],\n",
      "       [-0.0658342 ]])), (array([[ 0.98157138, -0.03454214,  0.18794803],\n",
      "       [ 0.03283855,  0.99938656,  0.01217127],\n",
      "       [-0.18825316, -0.00577503,  0.98210356]]), array([[-0.99583029],\n",
      "       [-0.03766184],\n",
      "       [-0.08308799]])), (array([[ 0.97561611, -0.03854497,  0.2160729 ],\n",
      "       [ 0.03895325,  0.99923822,  0.00237047],\n",
      "       [-0.21599967,  0.00610407,  0.97637436]]), array([[-0.99978087],\n",
      "       [ 0.01221462],\n",
      "       [-0.01700061]])), (array([[ 9.76318617e-01, -3.87184457e-02,  2.12844639e-01],\n",
      "       [ 3.76385888e-02,  9.99249757e-01,  9.12469532e-03],\n",
      "       [-2.13038248e-01, -8.97438082e-04,  9.77043448e-01]]), array([[-0.9991296 ],\n",
      "       [-0.01912651],\n",
      "       [-0.03707042]])), (array([[ 0.98253157, -0.03279353,  0.18318376],\n",
      "       [ 0.03275035,  0.99945824,  0.0032618 ],\n",
      "       [-0.18319149,  0.00279451,  0.98307328]]), array([[-0.99964664],\n",
      "       [ 0.0043658 ],\n",
      "       [-0.02622095]])), (array([[ 0.98386024, -0.03110567,  0.17621425],\n",
      "       [ 0.03132347,  0.9995081 ,  0.00154611],\n",
      "       [-0.17617567,  0.00399848,  0.98435062]]), array([[-0.99960861],\n",
      "       [ 0.01333341],\n",
      "       [-0.02459363]])), (array([[ 0.9818011 , -0.03438952,  0.18677251],\n",
      "       [ 0.03450986,  0.99940095,  0.00260802],\n",
      "       [-0.18675031,  0.00388493,  0.98239973]]), array([[-0.99978826],\n",
      "       [ 0.00856186],\n",
      "       [-0.01871173]])), (array([[ 0.97837598, -0.03722465,  0.20345706],\n",
      "       [ 0.0375473 ,  0.99929226,  0.00227533],\n",
      "       [-0.20339776,  0.00541313,  0.97908123]]), array([[-0.99988647],\n",
      "       [ 0.01073933],\n",
      "       [-0.01056965]])), (array([[ 0.97785296, -0.03666098,  0.2060572 ],\n",
      "       [ 0.03644222,  0.99932395,  0.00485818],\n",
      "       [-0.206096  ,  0.0027586 ,  0.97852789]]), array([[-0.99991973],\n",
      "       [-0.00323423],\n",
      "       [-0.01225034]])), (array([[ 9.78852434e-01, -3.63670448e-02,  2.01309094e-01],\n",
      "       [ 3.70020276e-02,  9.99315005e-01,  6.09057238e-04],\n",
      "       [-2.01193348e-01,  6.85266749e-03,  9.79527579e-01]]), array([[-0.99986013],\n",
      "       [ 0.01570097],\n",
      "       [ 0.00576236]])), (array([[ 0.97648224, -0.03767079,  0.21228131],\n",
      "       [ 0.03968065,  0.99919881, -0.00521403],\n",
      "       [-0.21191481,  0.01351487,  0.97719469]]), array([[-0.99852854],\n",
      "       [ 0.04233129],\n",
      "       [ 0.03389418]])), (array([[ 0.97179095, -0.03955026,  0.23250402],\n",
      "       [ 0.04003713,  0.99919474,  0.00262656],\n",
      "       [-0.23242067,  0.00675633,  0.97259189]]), array([[-0.99981007],\n",
      "       [ 0.0069925 ],\n",
      "       [ 0.01819148]])), (array([[ 0.97496112, -0.03854788,  0.21900884],\n",
      "       [ 0.03820735,  0.99925305,  0.00579155],\n",
      "       [-0.2190685 ,  0.00272122,  0.97570569]]), array([[-0.99995957],\n",
      "       [-0.00730988],\n",
      "       [ 0.00523604]])), (array([[ 0.97326171, -0.04014899,  0.22616301],\n",
      "       [ 0.04223141,  0.99909828, -0.00437485],\n",
      "       [-0.22578343,  0.01380906,  0.97407964]]), array([[-0.99864987],\n",
      "       [ 0.03846219],\n",
      "       [ 0.03491548]])), (array([[ 0.97233976, -0.04096752,  0.22995013],\n",
      "       [ 0.04149413,  0.9991355 ,  0.00254712],\n",
      "       [-0.22985569,  0.00706492,  0.97319908]]), array([[-0.99984522],\n",
      "       [ 0.00866495],\n",
      "       [ 0.01531221]])), (array([[ 0.97186274, -0.04160652,  0.23184415],\n",
      "       [ 0.04148169,  0.99912459,  0.00541566],\n",
      "       [-0.23186652,  0.00435401,  0.97273787]]), array([[-0.99991604],\n",
      "       [-0.00356111],\n",
      "       [ 0.01245902]])), (array([[ 0.97029667, -0.04293344,  0.23807793],\n",
      "       [ 0.04355642,  0.99904747,  0.00264573],\n",
      "       [-0.23796474,  0.00780268,  0.97124245]]), array([[-0.99966655],\n",
      "       [ 0.0089086 ],\n",
      "       [ 0.02423695]])), (array([[ 0.97216192, -0.04340245,  0.23025514],\n",
      "       [ 0.0460445 ,  0.9989207 , -0.00611109],\n",
      "       [-0.22974139,  0.01654296,  0.97311111]]), array([[-0.99776824],\n",
      "       [ 0.04657405],\n",
      "       [ 0.04784772]])), (array([[ 0.97265766, -0.04163734,  0.22848065],\n",
      "       [ 0.04140779,  0.99912549,  0.00580063],\n",
      "       [-0.22852236,  0.00381885,  0.97353117]]), array([[-0.99984424],\n",
      "       [-0.00495015],\n",
      "       [ 0.01694093]])), (array([[ 0.9768278 , -0.03833946,  0.2105648 ],\n",
      "       [ 0.040111  ,  0.99918662, -0.00414722],\n",
      "       [-0.21023453,  0.01249708,  0.9775711 ]]), array([[-0.99844189],\n",
      "       [ 0.03802947],\n",
      "       [ 0.04083563]])), (array([[ 0.97351694, -0.04149129,  0.22481823],\n",
      "       [ 0.0428449 ,  0.99908108, -0.00114347],\n",
      "       [-0.2245642 ,  0.0107455 ,  0.97440005]]), array([[-0.99902093],\n",
      "       [ 0.02404154],\n",
      "       [ 0.03713728]])), (array([[ 0.97221896, -0.0424719 ,  0.2301878 ],\n",
      "       [ 0.04309413,  0.99906831,  0.00232593],\n",
      "       [-0.23007212,  0.00765843,  0.97314345]]), array([[-0.99956332],\n",
      "       [ 0.00926831],\n",
      "       [ 0.02805818]])), (array([[ 9.72422262e-01, -4.19081259e-02,  2.29431152e-01],\n",
      "       [ 4.29282313e-02,  9.99078010e-01,  5.45345509e-04],\n",
      "       [-2.29242473e-01,  9.31876746e-03,  9.73324740e-01]]), array([[-0.99922678],\n",
      "       [ 0.01646952],\n",
      "       [ 0.03570156]])), (array([[ 0.97262707, -0.04260815,  0.22843187],\n",
      "       [ 0.04277711,  0.99907575,  0.00421391],\n",
      "       [-0.22840029,  0.00567309,  0.97355078]]), array([[-0.99971124],\n",
      "       [ 0.00181493],\n",
      "       [ 0.02396146]])), (array([[ 0.97685801, -0.03868071,  0.21036217],\n",
      "       [ 0.04053158,  0.99916816, -0.00449256],\n",
      "       [-0.2100134 ,  0.0129149 ,  0.9776132 ]]), array([[-0.99816882],\n",
      "       [ 0.03961287],\n",
      "       [ 0.04571472]])), (array([[ 0.97895388, -0.03671746,  0.2007514 ],\n",
      "       [ 0.03815246,  0.99926654, -0.00328252],\n",
      "       [-0.20048363,  0.01087259,  0.97963672]]), array([[-0.99882148],\n",
      "       [ 0.03465515],\n",
      "       [ 0.0339804 ]])), (array([[ 9.75453100e-01, -3.84815200e-02,  2.16818871e-01],\n",
      "       [ 3.74388276e-02,  9.99259144e-01,  8.91615312e-03],\n",
      "       [-2.17001346e-01, -5.79844871e-04,  9.76171132e-01]]), array([[-0.99975864],\n",
      "       [-0.02185473],\n",
      "       [ 0.00224174]])), (array([[ 0.97089839, -0.04217672,  0.23574868],\n",
      "       [ 0.04371312,  0.99904329, -0.00129215],\n",
      "       [-0.23546864,  0.01155986,  0.9718132 ]]), array([[-0.9989889 ],\n",
      "       [ 0.0252016 ],\n",
      "       [ 0.03722979]])), (array([[ 0.96498759, -0.04545979,  0.25832606],\n",
      "       [ 0.04541565,  0.9989493 ,  0.00614141],\n",
      "       [-0.25833382,  0.00580566,  0.96603827]]), array([[-0.99954288],\n",
      "       [-0.00326672],\n",
      "       [ 0.03005606]])), (array([[ 0.96545276, -0.04584391,  0.25651375],\n",
      "       [ 0.04463451,  0.9989478 ,  0.0105381 ],\n",
      "       [-0.25672695,  0.00127533,  0.96648313]]), array([[-0.99956038],\n",
      "       [-0.0200518 ],\n",
      "       [ 0.02183987]])), (array([[ 0.97229213, -0.04071394,  0.23019643],\n",
      "       [ 0.04089327,  0.99915554,  0.00399379],\n",
      "       [-0.23016464,  0.00553035,  0.97313599]]), array([[-0.99984808],\n",
      "       [ 0.00297664],\n",
      "       [ 0.01717458]])), (array([[ 0.97338527, -0.04156753,  0.2253736 ],\n",
      "       [ 0.04590596,  0.99884708, -0.01404147],\n",
      "       [-0.2245301 ,  0.02401375,  0.97417122]]), array([[-0.99428764],\n",
      "       [ 0.08122445],\n",
      "       [ 0.06924358]])), (array([[ 0.96964529, -0.04244302,  0.24080408],\n",
      "       [ 0.04295057,  0.99907225,  0.0031429 ],\n",
      "       [-0.24071407,  0.00729518,  0.97056866]]), array([[-0.9996564 ],\n",
      "       [ 0.00766046],\n",
      "       [ 0.02506801]])), (array([[ 0.96759302, -0.04315575,  0.24879976],\n",
      "       [ 0.04486018,  0.99899258, -0.00118216],\n",
      "       [-0.2484981 ,  0.01230505,  0.96855422]]), array([[-0.99900738],\n",
      "       [ 0.02530903],\n",
      "       [ 0.03665657]])), (array([[ 0.97143643, -0.04112723,  0.23370881],\n",
      "       [ 0.04164217,  0.99912885,  0.00273279],\n",
      "       [-0.2336176 ,  0.00707741,  0.9723028 ]]), array([[-0.99964145],\n",
      "       [ 0.0091879 ],\n",
      "       [ 0.02515066]])), (array([[ 0.97286708, -0.03880273,  0.22808768],\n",
      "       [ 0.03888926,  0.99923505,  0.00411667],\n",
      "       [-0.22807294,  0.00486519,  0.97363189]]), array([[-9.99819967e-01],\n",
      "       [ 8.91953109e-04],\n",
      "       [ 1.89536001e-02]])), (array([[ 0.97291785, -0.04092261,  0.22749988],\n",
      "       [ 0.04653683,  0.99872882, -0.01936668],\n",
      "       [-0.22641815,  0.02942931,  0.97358551]]), array([[-0.99014715],\n",
      "       [ 0.10165656],\n",
      "       [ 0.09630459]])), (array([[ 0.97353164, -0.04059627,  0.22491796],\n",
      "       [ 0.04584462,  0.99878352, -0.01815909],\n",
      "       [-0.22390716,  0.02798973,  0.97420848]]), array([[-0.98964247],\n",
      "       [ 0.09665295],\n",
      "       [ 0.10614134]])), (array([[ 0.97523806, -0.04688167,  0.21613154],\n",
      "       [ 0.05759427,  0.9973905 , -0.04353271],\n",
      "       [-0.21352665,  0.0549027 ,  0.97539329]]), array([[-0.95514046],\n",
      "       [ 0.20208717],\n",
      "       [ 0.216489  ]])), (array([[ 0.97658336, -0.07003572,  0.20342061],\n",
      "       [ 0.09037403,  0.99160585, -0.09246826],\n",
      "       [-0.19523699,  0.10868691,  0.97471518]]), array([[-0.85185047],\n",
      "       [ 0.38463212],\n",
      "       [ 0.3555403 ]])), (array([[ 0.9757069 , -0.09916622,  0.19535122],\n",
      "       [ 0.12926226,  0.98052259, -0.14787401],\n",
      "       [-0.17688218,  0.16953324,  0.96952111]]), array([[-0.73543641],\n",
      "       [ 0.54379658],\n",
      "       [ 0.40425063]])), (array([[ 0.99716714, -0.06721178,  0.03376793],\n",
      "       [ 0.06766188,  0.99763166, -0.01236693],\n",
      "       [-0.03285675,  0.0146167 ,  0.99935318]]), array([[-0.4103825],\n",
      "       [ 0.1208581],\n",
      "       [ 0.9038692]])), (array([[ 0.99781661, -0.05847117,  0.03071045],\n",
      "       [ 0.05880804,  0.99821738, -0.0101822 ],\n",
      "       [-0.03006034,  0.01196599,  0.99947646]]), array([[-0.39527325],\n",
      "       [ 0.09896219],\n",
      "       [ 0.91321714]])), (array([[ 0.99897124, -0.03804759,  0.02467471],\n",
      "       [ 0.03820602,  0.99925198, -0.00598119],\n",
      "       [-0.02442868,  0.00691776,  0.99967764]]), array([[-0.39765824],\n",
      "       [ 0.05886455],\n",
      "       [ 0.91564343]])), (array([[ 0.99952882, -0.02372423,  0.01947578],\n",
      "       [ 0.02379718,  0.9997106 , -0.00352268],\n",
      "       [-0.01938657,  0.00398449,  0.99980412]]), array([[-0.4054245 ],\n",
      "       [ 0.01888438],\n",
      "       [ 0.91393345]])), (array([[ 0.99969704, -0.01913955,  0.01547611],\n",
      "       [ 0.0191746 ,  0.9998139 , -0.0021196 ],\n",
      "       [-0.01543266,  0.0024157 ,  0.99987799]]), array([[-0.39499292],\n",
      "       [-0.00814707],\n",
      "       [ 0.91864804]])), (array([[ 0.99973638, -0.01778172,  0.01452535],\n",
      "       [ 0.0178073 ,  0.9998401 , -0.00163334],\n",
      "       [-0.01449398,  0.00189157,  0.99989317]]), array([[-0.38869868],\n",
      "       [-0.01681693],\n",
      "       [ 0.92121144]])), (array([[ 0.99973797, -0.01858591,  0.01336257],\n",
      "       [ 0.01861167,  0.99982516, -0.00180593],\n",
      "       [-0.01332667,  0.00205416,  0.99990909]]), array([[-0.3661188 ],\n",
      "       [-0.0068359 ],\n",
      "       [ 0.93054301]])), (array([[ 0.99974436, -0.01834612,  0.01321469],\n",
      "       [ 0.01836912,  0.99982996, -0.0016217 ],\n",
      "       [-0.01318269,  0.00186403,  0.99991137]]), array([[-0.36060213],\n",
      "       [-0.00319176],\n",
      "       [ 0.93271427]])), (array([[ 0.99972858, -0.0193187 ,  0.01302144],\n",
      "       [ 0.01934387,  0.99981125, -0.00180964],\n",
      "       [-0.01298402,  0.00206104,  0.99991358]]), array([[-0.3489515 ],\n",
      "       [ 0.00141559],\n",
      "       [ 0.93713972]])), (array([[ 0.99975683, -0.01847692,  0.01203685],\n",
      "       [ 0.01849762,  0.99982761, -0.00161055],\n",
      "       [-0.01200501,  0.00183281,  0.99992626]]), array([[-0.33447475],\n",
      "       [ 0.00268683],\n",
      "       [ 0.94240088]])), (array([[ 0.99976736, -0.01753012,  0.01256678],\n",
      "       [ 0.01754943,  0.99984498, -0.00142783],\n",
